Actor Weights Summary:
net.0.weight: shape torch.Size([256, 100]), mean 0.0055, std 0.1466
net.0.bias: shape torch.Size([256]), mean 0.0030, std 0.0366
net.1.weight: shape torch.Size([256]), mean 1.0543, std 0.1009
net.1.bias: shape torch.Size([256]), mean 0.0081, std 0.0277
net.3.weight: shape torch.Size([256, 256]), mean 0.0107, std 0.0969
net.3.bias: shape torch.Size([256]), mean 0.0130, std 0.0088
net.4.weight: shape torch.Size([256]), mean 1.5007, std 0.0971
net.4.bias: shape torch.Size([256]), mean 0.0189, std 0.0600
net.6.weight: shape torch.Size([50, 256]), mean 0.0266, std 0.2120
net.6.bias: shape torch.Size([50]), mean 0.0307, std 0.0607

Input obs:
Shape: torch.Size([1, 100])
Values: [[54.887714   3.855978  37.008884  25.476961  41.829872  35.678047
  40.717598   4.3830414 69.216995  16.135359  38.575478   5.931355
  55.251     16.450071  46.383503  25.93414   54.55678    9.5329
  56.87877   12.797232  31.745964   6.676928  45.5339    20.463724
  31.149021  51.556057  10.105336  17.934896  32.438828  36.369526
  44.28405    5.1645226 45.492004  20.116354  28.742752  44.89033
  13.915507  40.48897   45.34935   16.129835  20.168463  10.545417
  49.19667   18.879868  26.375864  67.661285  13.379914  13.448564
  44.237957  25.774382  49.43912    4.6247706 33.346115  27.98231
  21.340734  71.90476   13.788015  40.94282   54.731853  13.308259
  78.70643    2.6880102 21.48014   47.826675  58.477737  24.657425
  49.411457   3.6107204 60.103977  18.665592  14.546558  15.904528
  83.9694    10.738646  65.81877   17.950706  66.78308    7.775631
  32.20798   23.027184  72.00089    2.9385583 32.681927  29.150023
  56.27178   25.692846  39.599144   4.50709   32.176918  36.713745
  25.020668   9.167374  82.64342   10.913039  61.067253  19.401081
  52.594322   9.892113  14.337765  61.48705  ]]

Layer Outputs:
Layer 0: shape (1, 256)
Values: [[ -3.961065    36.74883     39.438393   -12.674248    24.708834
   19.198923    74.28437    -30.728779     7.0571404   -2.0335093
   -2.6257143  -58.047215   -38.52584    -20.916002    55.13439
   75.44054     93.93395     78.674576    22.595732   -36.871338
   23.40426     23.920929   102.775734    46.82482    -10.208398
  -84.37143    -17.504717     5.1565027  -65.748116    -2.6885993
   25.73032     68.15356     41.930283    -7.105246    75.71872
   41.596085    26.039358    95.01508    -22.673368    54.80859
   43.259777    73.36218      3.772452    85.97533      2.6054063
   -8.785005    47.781967    -9.245861   -45.6984     -28.110392
   49.858448    84.11932     24.894701    26.959274    33.190853
    6.8065085   44.588684    24.481747   105.16917      9.683651
  -76.03078     24.9417       6.6942487  -93.60366     58.089607
   30.813509    95.72882     35.733055    10.787127    37.555466
   80.94557     17.359509    83.35858     -0.9744623   -3.0980177
   49.54683     90.58074     44.196037    24.784977   -36.384064
   98.2246      17.551992    41.9135      45.824512    13.312057
   48.403034     3.1759164  -61.860416    99.313324   -16.99046
  100.47892     -0.42943197   2.5238397  -62.113873    40.36163
   52.76574    -27.02559    -25.76391      7.9415274  -56.44557
   85.3053     -29.682058   -36.097717    21.55857    -17.547432
   48.247963    76.404724   -35.66103     -3.1646614  -34.705517
  -49.33469     68.829254   -25.631945    48.14407      1.3134787
   44.136696    59.22281    -17.866095    22.650553    35.392414
  -12.011988    33.01611     52.12954      0.19177444  27.187443
  -41.124985     6.0768156  -66.42709      0.20535223  19.900705
  -16.51567     74.35648      6.5433784  -28.62571    -39.373745
  -22.857162   -21.473589    73.69104     27.624226    26.216507
   35.711662    -9.52756     53.65614     32.381615    24.498344
   68.73527     22.26182     -1.1089869   44.237232   -26.042208
   72.824      -33.2169       8.975085     0.59525156  55.655354
   50.23611      9.265652    33.75702     21.359272    57.37196
   52.291233    31.645613    46.337357   -20.796362   -42.7405
   40.801235    15.823076    83.08245     -8.119974     6.6189685
    6.3043814  -12.768458    19.541506   -18.866968   -30.738773
  -21.879755     9.049739   -12.190712    41.97341     22.056002
  -31.506666    12.73861     41.237736    43.54741     11.938293
  -14.520774   -21.108738    56.7273      36.669926    89.55305
   44.253708   -47.18863     70.49503    -15.768591    37.679276
   34.30645     47.370426   -39.134663   -21.39759     41.768982
   36.92321    -20.889664     6.4647517  -35.58556     50.97431
   22.130266    34.535526    35.984604    19.763088     1.109948
   26.643536   -35.65854     68.876495    42.561874    13.048298
   16.183338    42.203037   -91.689606   -25.097927   -27.985199
   55.187263   -23.386599    27.586002    70.298325    20.169748
   15.527608    51.91655      2.5271342   97.14108     13.305456
    1.8904382   31.116718    30.531664    11.781008   -22.43208
    4.4969788  -20.057226    -6.5951133   -8.602649    71.888
   30.528742    60.43921     56.43484     66.43482     21.997252
   22.29309     45.37537     62.660614     0.88762885 -13.274147
   46.821697     5.9817233  -10.370739     2.4050448   17.763277
   31.497318  ]]
Layer 1: shape (1, 256)
Values: [[-5.41628361e-01  4.59021151e-01  5.41160583e-01 -9.10502017e-01
   1.50571495e-01  3.79259214e-02  1.37386072e+00 -1.32023811e+00
  -2.92941093e-01 -5.33790231e-01 -5.78944802e-01 -2.06131458e+00
  -1.35181713e+00 -1.06034338e+00  9.20930445e-01  1.46767068e+00
   1.69538891e+00  1.43520164e+00  1.14720099e-01 -1.46749902e+00
   1.02992997e-01  1.18829146e-01  2.11738539e+00  8.07515204e-01
  -6.50241911e-01 -2.69690108e+00 -8.46029997e-01 -3.10620099e-01
  -2.58982062e+00 -5.10541677e-01  1.74405053e-01  1.07820332e+00
   5.46912014e-01 -6.83970273e-01  1.52457857e+00  5.95035672e-01
   1.92461729e-01  1.93803716e+00 -1.12312019e+00  1.04696524e+00
   5.94848633e-01  1.22341812e+00 -4.09012556e-01  1.54454219e+00
  -4.36951458e-01 -6.45647764e-01  7.94314861e-01 -6.75687373e-01
  -1.76437902e+00 -1.17261434e+00  8.24822009e-01  1.73850489e+00
   2.11656287e-01  2.39261672e-01  4.46630716e-01 -2.80556411e-01
   6.70480132e-01  1.61796317e-01  1.99985421e+00 -1.97244376e-01
  -2.47849417e+00  2.69344389e-01 -3.14243704e-01 -3.28111601e+00
   1.02166355e+00  3.45066935e-01  1.88371432e+00  6.16292119e-01
  -2.00184882e-01  4.47224557e-01  1.47209799e+00  9.30815935e-04
   1.55374241e+00 -4.99246866e-01 -6.06872678e-01  9.94468093e-01
   1.69837284e+00  7.08188951e-01  2.38942981e-01 -1.75658321e+00
   1.86928654e+00 -2.18579266e-02  5.65319717e-01  6.09704077e-01
  -1.08588435e-01  8.36885154e-01 -3.75493795e-01 -2.17940283e+00
   1.93821192e+00 -9.83951390e-01  2.01365519e+00 -4.81891662e-01
  -4.40473646e-01 -2.23788190e+00  5.44506967e-01  8.31878185e-01
  -1.22473907e+00 -1.33744419e+00 -2.72333771e-01 -2.07730174e+00
   1.62616205e+00 -1.35341513e+00 -1.63468361e+00  6.26261458e-02
  -9.31732357e-01  6.60961628e-01  1.40396523e+00 -1.58228970e+00
  -5.64021111e-01 -1.54413009e+00 -1.75504208e+00  1.13455725e+00
  -1.18287420e+00  9.37954843e-01 -4.71426129e-01  6.30758286e-01
   1.03559804e+00 -9.50072706e-01  1.58427522e-01  4.71493691e-01
  -9.33448076e-01  4.38033849e-01  1.16440821e+00 -4.86018538e-01
   2.21439883e-01 -1.55366683e+00 -3.11934263e-01 -2.53411293e+00
  -4.70881850e-01  6.47726357e-02 -9.26907420e-01  1.43829930e+00
  -2.99730182e-01 -1.28781152e+00 -1.85650504e+00 -1.14277446e+00
  -1.00412250e+00  1.35778260e+00  2.66252786e-01  2.12360218e-01
   3.60342532e-01 -8.65025997e-01  8.65967214e-01  3.72511327e-01
   2.02454656e-01  1.14245915e+00  1.32895768e-01 -5.21686971e-01
   6.28604412e-01 -1.01477873e+00  1.37809479e+00 -1.26587617e+00
  -2.43139476e-01 -4.10277188e-01  1.05056584e+00  8.19774330e-01
  -2.67230302e-01  4.21065062e-01  9.71273258e-02  9.01998937e-01
   8.88907731e-01  4.61282223e-01  8.87747705e-01 -1.01419985e+00
  -1.74312007e+00  5.41661501e-01 -7.33892024e-02  1.47057939e+00
  -7.50851154e-01 -2.58979201e-01 -3.36492091e-01 -8.43491435e-01
   1.60980970e-04 -9.78784680e-01 -1.32144701e+00 -1.09818101e+00
  -2.12459594e-01 -7.96767950e-01  5.09576023e-01  2.01337397e-01
  -1.50328791e+00 -1.52118385e-01  5.70598781e-01  8.45215082e-01
  -1.20967686e-01 -8.48385751e-01 -1.06976020e+00  1.00836897e+00
   4.70163673e-01  1.81721890e+00  7.53172755e-01 -1.69308221e+00
   1.30437207e+00 -8.43949378e-01  5.65028608e-01  3.50269288e-01
   6.36841893e-01 -1.44933617e+00 -1.09987617e+00  7.77742445e-01
   4.71077561e-01 -1.18858171e+00 -2.95876205e-01 -1.49301457e+00
   7.40603328e-01  8.47322941e-02  3.69916350e-01  5.34088433e-01
   5.46841882e-02 -4.30790365e-01  2.10233808e-01 -1.37995076e+00
   1.15993452e+00  6.35992169e-01 -1.14163309e-01  3.76433879e-03
   6.84592485e-01 -3.47145033e+00 -1.14016235e+00 -1.37136209e+00
   9.52755988e-01 -1.05024350e+00  2.13561893e-01  1.31876683e+00
   3.87593396e-02 -5.01460060e-02  7.66727626e-01 -3.72296005e-01
   1.88348138e+00 -1.37473017e-01 -3.90734971e-01  3.30860704e-01
   3.17120939e-01 -1.54708296e-01 -1.29802787e+00 -3.79785269e-01
  -1.01954746e+00 -5.84972620e-01 -6.79063022e-01  1.33035755e+00
   2.89315432e-01  1.04747403e+00  9.15213943e-01  1.16765058e+00
   7.50982389e-02  1.72392815e-01  7.85860717e-01  1.26079655e+00
  -4.39058751e-01 -7.68994451e-01  6.55357182e-01 -2.91824609e-01
  -6.83948934e-01 -3.91458154e-01 -4.77793291e-02  3.25192720e-01]]
Layer 2: shape (1, 256)
Values: [[0.00000000e+00 4.59021151e-01 5.41160583e-01 0.00000000e+00
  1.50571495e-01 3.79259214e-02 1.37386072e+00 0.00000000e+00
  0.00000000e+00 0.00000000e+00 0.00000000e+00 0.00000000e+00
  0.00000000e+00 0.00000000e+00 9.20930445e-01 1.46767068e+00
  1.69538891e+00 1.43520164e+00 1.14720099e-01 0.00000000e+00
  1.02992997e-01 1.18829146e-01 2.11738539e+00 8.07515204e-01
  0.00000000e+00 0.00000000e+00 0.00000000e+00 0.00000000e+00
  0.00000000e+00 0.00000000e+00 1.74405053e-01 1.07820332e+00
  5.46912014e-01 0.00000000e+00 1.52457857e+00 5.95035672e-01
  1.92461729e-01 1.93803716e+00 0.00000000e+00 1.04696524e+00
  5.94848633e-01 1.22341812e+00 0.00000000e+00 1.54454219e+00
  0.00000000e+00 0.00000000e+00 7.94314861e-01 0.00000000e+00
  0.00000000e+00 0.00000000e+00 8.24822009e-01 1.73850489e+00
  2.11656287e-01 2.39261672e-01 4.46630716e-01 0.00000000e+00
  6.70480132e-01 1.61796317e-01 1.99985421e+00 0.00000000e+00
  0.00000000e+00 2.69344389e-01 0.00000000e+00 0.00000000e+00
  1.02166355e+00 3.45066935e-01 1.88371432e+00 6.16292119e-01
  0.00000000e+00 4.47224557e-01 1.47209799e+00 9.30815935e-04
  1.55374241e+00 0.00000000e+00 0.00000000e+00 9.94468093e-01
  1.69837284e+00 7.08188951e-01 2.38942981e-01 0.00000000e+00
  1.86928654e+00 0.00000000e+00 5.65319717e-01 6.09704077e-01
  0.00000000e+00 8.36885154e-01 0.00000000e+00 0.00000000e+00
  1.93821192e+00 0.00000000e+00 2.01365519e+00 0.00000000e+00
  0.00000000e+00 0.00000000e+00 5.44506967e-01 8.31878185e-01
  0.00000000e+00 0.00000000e+00 0.00000000e+00 0.00000000e+00
  1.62616205e+00 0.00000000e+00 0.00000000e+00 6.26261458e-02
  0.00000000e+00 6.60961628e-01 1.40396523e+00 0.00000000e+00
  0.00000000e+00 0.00000000e+00 0.00000000e+00 1.13455725e+00
  0.00000000e+00 9.37954843e-01 0.00000000e+00 6.30758286e-01
  1.03559804e+00 0.00000000e+00 1.58427522e-01 4.71493691e-01
  0.00000000e+00 4.38033849e-01 1.16440821e+00 0.00000000e+00
  2.21439883e-01 0.00000000e+00 0.00000000e+00 0.00000000e+00
  0.00000000e+00 6.47726357e-02 0.00000000e+00 1.43829930e+00
  0.00000000e+00 0.00000000e+00 0.00000000e+00 0.00000000e+00
  0.00000000e+00 1.35778260e+00 2.66252786e-01 2.12360218e-01
  3.60342532e-01 0.00000000e+00 8.65967214e-01 3.72511327e-01
  2.02454656e-01 1.14245915e+00 1.32895768e-01 0.00000000e+00
  6.28604412e-01 0.00000000e+00 1.37809479e+00 0.00000000e+00
  0.00000000e+00 0.00000000e+00 1.05056584e+00 8.19774330e-01
  0.00000000e+00 4.21065062e-01 9.71273258e-02 9.01998937e-01
  8.88907731e-01 4.61282223e-01 8.87747705e-01 0.00000000e+00
  0.00000000e+00 5.41661501e-01 0.00000000e+00 1.47057939e+00
  0.00000000e+00 0.00000000e+00 0.00000000e+00 0.00000000e+00
  1.60980970e-04 0.00000000e+00 0.00000000e+00 0.00000000e+00
  0.00000000e+00 0.00000000e+00 5.09576023e-01 2.01337397e-01
  0.00000000e+00 0.00000000e+00 5.70598781e-01 8.45215082e-01
  0.00000000e+00 0.00000000e+00 0.00000000e+00 1.00836897e+00
  4.70163673e-01 1.81721890e+00 7.53172755e-01 0.00000000e+00
  1.30437207e+00 0.00000000e+00 5.65028608e-01 3.50269288e-01
  6.36841893e-01 0.00000000e+00 0.00000000e+00 7.77742445e-01
  4.71077561e-01 0.00000000e+00 0.00000000e+00 0.00000000e+00
  7.40603328e-01 8.47322941e-02 3.69916350e-01 5.34088433e-01
  5.46841882e-02 0.00000000e+00 2.10233808e-01 0.00000000e+00
  1.15993452e+00 6.35992169e-01 0.00000000e+00 3.76433879e-03
  6.84592485e-01 0.00000000e+00 0.00000000e+00 0.00000000e+00
  9.52755988e-01 0.00000000e+00 2.13561893e-01 1.31876683e+00
  3.87593396e-02 0.00000000e+00 7.66727626e-01 0.00000000e+00
  1.88348138e+00 0.00000000e+00 0.00000000e+00 3.30860704e-01
  3.17120939e-01 0.00000000e+00 0.00000000e+00 0.00000000e+00
  0.00000000e+00 0.00000000e+00 0.00000000e+00 1.33035755e+00
  2.89315432e-01 1.04747403e+00 9.15213943e-01 1.16765058e+00
  7.50982389e-02 1.72392815e-01 7.85860717e-01 1.26079655e+00
  0.00000000e+00 0.00000000e+00 6.55357182e-01 0.00000000e+00
  0.00000000e+00 0.00000000e+00 0.00000000e+00 3.25192720e-01]]
Layer 3: shape (1, 256)
Values: [[ 1.6417872   2.2722814   0.7420551   0.73543465  1.1541758   0.6267701
   0.10042754  2.5457168   1.0635366   1.7665803   1.9705033   1.9450275
   0.39683047  3.3325298   1.2866426   0.11453083  1.438399    1.2050819
   1.0968795   0.30205685  0.65723085  1.2355263   0.8652294  -0.235127
   0.25833365  1.6550366   1.7076164   0.67016286  1.2574881   0.70699936
   2.1930573  -0.48674348  2.1068969   1.6865498   0.870243    0.88661176
  -1.2759055   1.9679062   1.5533233   0.46396464  1.967729    1.4974973
   1.3012466   1.6434089   1.5445611   0.3273329   0.7827713   2.0775254
   0.99481004  1.3011167   1.6149104   1.5710288   0.90205324  1.2887671
  -0.05874848 -0.08584656  1.9973314  -0.751726    0.9396553   0.12723364
   1.3950157   0.86476624  1.499367    0.94830596  1.8115233   0.6934959
   1.0089356   0.7685662   2.0292876   1.1172721   0.57103074  1.3027724
   0.3078909   1.1390905   1.836506   -0.02785924  1.3534715   0.5097279
   1.051839    1.1433674   0.5535004   1.3918713   1.6485068  -0.25623304
   2.8366492   3.1305096   1.8138301   0.32850832  0.5009017   2.534283
   1.2575014   1.5759845   0.8241235   0.01441677  0.55070764  0.7749997
   1.2948668   1.6240432   1.7318155   1.2763505   0.5680252   0.7232968
   1.7066629   0.538628    1.1018987  -0.3448926   1.5212401   0.8588604
   2.4280543   0.6362412   1.6086965   2.1770356   1.0238239   1.259399
   1.7420096   2.5296557   0.5105021   1.2530696   1.507877    0.02204042
   0.47199512  1.8512789   0.6900476   1.3397068   1.1276772   0.00830875
   1.4001182   1.4029859   2.1034777  -0.51229084  1.8778869   0.20561378
   0.8143276   1.8119459   0.84412396  1.9735619   1.4175992   1.0981603
   1.0394796   2.4856555   0.7062664   2.1749594   3.1311789   0.10207336
  -0.5983223   2.0400848   0.7625291  -0.21617058  0.7945483   2.208938
   1.0574844   1.3887781   1.2102827   1.3687286   1.2625686   0.21667905
   2.2626064   0.21944705  1.9230523   1.7249761   2.1963959   1.1281338
   1.2566136   1.4034647   1.9755864   1.6759727   2.1621816   3.9240444
   1.1080443   1.4182035  -0.01555156  1.0077171   0.11471448  0.7496876
   0.97579795  1.9942709   1.5932263   0.98647434  1.3180386   2.6776626
   1.165814    2.333012    1.0091662   2.534222    1.6010828   1.5068256
   1.8054054   0.6238654   1.257272    1.6206892   1.5184052   1.7666302
   2.1155186  -0.05727766 -0.55300426  1.2054089   2.0255003   2.1330628
   0.41481307  2.4251206   0.83557355  0.54668087  0.7959017   0.457175
   1.8265423   1.0367117   1.7176424   0.76639724  0.3269511   3.0583932
  -0.15340626  1.2135162   0.84064704  1.2728065   2.4257555   0.10936475
   1.8183256   1.7237934   1.100527    0.67143214  1.8456379   0.6572042
   0.72179216  1.457907    0.06188462  1.2344421   0.9154685   0.17877369
   0.9755707   0.580302    0.37371746  1.4050782   1.1349962   1.6377351
   2.1653717   0.65053874  0.2738238   1.168549    1.1693708   1.8577546
   1.5554943   0.93338645  3.7742171   0.7118105   1.5026248   0.93338925
   2.3861134   1.7025874   1.6694615   1.0991496   1.726513    2.4948404
   1.9859312   1.7941594   2.4120417   2.0717382 ]]
Layer 4: shape (1, 256)
Values: [[ 7.49348283e-01  1.73227453e+00 -8.39666426e-01 -7.75053144e-01
  -1.82177022e-01 -9.79592323e-01 -2.02853298e+00  2.52613854e+00
  -2.93332815e-01  1.20800865e+00  1.76591277e+00  1.29182076e+00
  -1.35081553e+00  4.22413969e+00  7.41815269e-02 -2.44104767e+00
   5.36850035e-01 -1.77217461e-03 -2.51046896e-01 -1.89170039e+00
  -1.23722982e+00  4.77387905e-02 -7.33622134e-01 -2.94558191e+00
  -1.86876225e+00  8.55957747e-01  9.31278288e-01 -1.03411007e+00
   2.13492885e-02 -8.65152717e-01  1.82597721e+00 -3.15892959e+00
   1.62187374e+00  8.52905273e-01 -6.94006801e-01 -7.26383269e-01
  -4.57471132e+00  1.56259060e+00  8.26298594e-01 -1.54482567e+00
   1.34848404e+00  5.12995899e-01  5.50203919e-02  7.79268146e-01
   5.45001090e-01 -1.61550236e+00 -8.05933416e-01  1.54713988e+00
  -4.67539907e-01  1.34245634e-01  6.23435736e-01  7.72827566e-01
  -6.24818742e-01  7.20366836e-02 -2.39047313e+00 -2.27898812e+00
   1.65293467e+00 -3.73855710e+00 -5.70194125e-01 -2.00149274e+00
   2.46071309e-01 -6.62870944e-01  5.48853874e-01 -5.51291883e-01
   1.31451309e+00 -1.03922796e+00 -3.93921822e-01 -8.34786415e-01
   1.52194512e+00 -2.16209501e-01 -1.32799852e+00  1.33772597e-01
  -1.84611428e+00 -1.96590126e-01  1.11828494e+00 -2.56321406e+00
   2.18616396e-01 -1.38478529e+00 -3.73317152e-01 -1.60324067e-01
  -1.19032967e+00  4.22580123e-01  8.47020745e-01 -2.56233382e+00
   3.12085247e+00  3.42929816e+00  1.10418737e+00 -1.80524576e+00
  -1.26990712e+00  2.60107803e+00  5.28430454e-02  6.84451163e-01
  -8.12177896e-01 -2.27569413e+00 -1.31228268e+00 -8.43075693e-01
   2.15602323e-01  6.76743269e-01  1.10275841e+00  1.04095571e-01
  -1.02409339e+00 -1.01990807e+00  8.60691428e-01 -1.34496295e+00
  -2.85823882e-01 -3.13726068e+00  5.98087013e-01 -5.64099789e-01
   2.37429619e+00 -9.75923538e-01  6.83336377e-01  1.68208182e+00
  -3.54298025e-01 -2.36619189e-02  1.19703925e+00  2.77359343e+00
  -1.44835830e+00  4.34093475e-02  6.28580511e-01 -2.28360677e+00
  -1.41657019e+00  1.14373934e+00 -8.95784318e-01  2.38056958e-01
  -1.71361506e-01 -2.30413270e+00  3.25843513e-01  3.94795299e-01
   1.68632030e+00 -3.33048177e+00  1.16504133e+00 -1.92246652e+00
  -6.90933764e-01  1.21392560e+00 -7.21772313e-01  1.36373544e+00
   2.64174730e-01 -2.19875112e-01 -3.24808508e-01  2.49480987e+00
  -9.82013345e-01  1.74235797e+00  3.73779488e+00 -2.07328343e+00
  -3.22043204e+00  1.57426775e+00 -9.29275155e-01 -2.94403458e+00
  -7.63337731e-01  1.97673607e+00 -3.02237451e-01  2.91346133e-01
  -1.39624942e-02  2.39399612e-01  1.51489973e-01 -1.87047899e+00
   2.05881429e+00 -1.68545699e+00  1.27440012e+00  9.02157009e-01
   1.81717777e+00 -1.55932158e-01  1.22888856e-01  3.08090329e-01
   1.48238218e+00  9.30272818e-01  1.95730960e+00  5.16734982e+00
  -1.08936705e-01  2.48090386e-01 -2.28258777e+00 -3.36866349e-01
  -2.10109210e+00 -7.34902859e-01 -4.62211430e-01  1.45247459e+00
   7.03696549e-01 -3.95643324e-01  2.04131857e-01  2.68911457e+00
  -7.97473863e-02  1.95250356e+00 -4.36746866e-01  2.46191812e+00
   7.14097679e-01  6.03734016e-01  9.06152308e-01 -1.09843469e+00
   1.59685701e-01  8.17001581e-01  6.18830740e-01  9.71850753e-01
   1.51834488e+00 -2.54313350e+00 -3.29587317e+00  6.81580603e-03
   1.58032310e+00  1.74594295e+00 -1.52220356e+00  2.38181710e+00
  -7.75332093e-01 -1.22295427e+00 -7.49243498e-01 -1.43591976e+00
   1.09949505e+00 -3.81653547e-01  9.51809764e-01 -8.06916118e-01
  -1.67726779e+00  3.56391096e+00 -2.47742343e+00 -8.84567499e-02
  -7.06909955e-01  5.39628193e-02  2.29949951e+00 -2.11940312e+00
   1.22112513e+00  1.00954604e+00 -1.34787634e-01 -1.05888510e+00
   1.09598625e+00 -1.14184916e+00 -9.51529860e-01  4.63434488e-01
  -2.11874509e+00 -2.78734788e-03 -6.14556253e-01 -1.89894485e+00
  -4.27830279e-01 -1.15994871e+00 -1.59780276e+00  3.91490459e-01
  -2.39570320e-01  8.30496669e-01  1.76973295e+00 -9.49594259e-01
  -1.55269134e+00 -8.10311884e-02 -8.95709917e-02  1.13449597e+00
   5.40857971e-01 -5.82707644e-01  4.68929625e+00 -9.83728111e-01
   5.83758652e-01 -4.48177427e-01  2.33941960e+00  9.54067349e-01
   8.03009450e-01 -2.31318027e-01  9.22719598e-01  2.53308702e+00
   1.23418772e+00  1.08084559e+00  2.21005058e+00  1.50874472e+00]]
Layer 5: shape (1, 256)
Values: [[0.7493483  1.7322745  0.         0.         0.         0.
  0.         2.5261385  0.         1.2080086  1.7659128  1.2918208
  0.         4.2241397  0.07418153 0.         0.53685004 0.
  0.         0.         0.         0.04773879 0.         0.
  0.         0.85595775 0.9312783  0.         0.02134929 0.
  1.8259772  0.         1.6218737  0.8529053  0.         0.
  0.         1.5625906  0.8262986  0.         1.348484   0.5129959
  0.05502039 0.77926815 0.5450011  0.         0.         1.5471399
  0.         0.13424563 0.62343574 0.77282757 0.         0.07203668
  0.         0.         1.6529347  0.         0.         0.
  0.24607131 0.         0.5488539  0.         1.3145131  0.
  0.         0.         1.5219451  0.         0.         0.1337726
  0.         0.         1.118285   0.         0.2186164  0.
  0.         0.         0.         0.42258012 0.84702075 0.
  3.1208525  3.4292982  1.1041874  0.         0.         2.601078
  0.05284305 0.68445116 0.         0.         0.         0.
  0.21560232 0.67674327 1.1027584  0.10409557 0.         0.
  0.8606914  0.         0.         0.         0.598087   0.
  2.3742962  0.         0.6833364  1.6820818  0.         0.
  1.1970392  2.7735934  0.         0.04340935 0.6285805  0.
  0.         1.1437393  0.         0.23805696 0.         0.
  0.3258435  0.3947953  1.6863203  0.         1.1650413  0.
  0.         1.2139256  0.         1.3637354  0.26417473 0.
  0.         2.4948099  0.         1.742358   3.7377949  0.
  0.         1.5742677  0.         0.         0.         1.9767361
  0.         0.29134613 0.         0.23939961 0.15148997 0.
  2.0588143  0.         1.2744001  0.902157   1.8171778  0.
  0.12288886 0.30809033 1.4823822  0.9302728  1.9573096  5.16735
  0.         0.24809039 0.         0.         0.         0.
  0.         1.4524746  0.70369655 0.         0.20413186 2.6891146
  0.         1.9525036  0.         2.461918   0.7140977  0.603734
  0.9061523  0.         0.1596857  0.8170016  0.61883074 0.97185075
  1.5183449  0.         0.         0.00681581 1.5803231  1.745943
  0.         2.381817   0.         0.         0.         0.
  1.099495   0.         0.95180976 0.         0.         3.563911
  0.         0.         0.         0.05396282 2.2994995  0.
  1.2211251  1.009546   0.         0.         1.0959862  0.
  0.         0.4634345  0.         0.         0.         0.
  0.         0.         0.         0.39149046 0.         0.83049667
  1.769733   0.         0.         0.         0.         1.134496
  0.540858   0.         4.6892962  0.         0.58375865 0.
  2.3394196  0.95406735 0.80300945 0.         0.9227196  2.533087
  1.2341877  1.0808456  2.2100506  1.5087447 ]]
Layer 6: shape (1, 50)
Values: [[ 11.480582  -12.8483305  13.691071   13.3997345  17.267267   22.569153
   13.813791   11.124066  -14.743804   14.361954  -22.697405  -15.086568
   13.562332  -12.752672   17.786133   12.873888  -14.785594   14.870766
   12.213468   23.009094   12.499428   13.2712755 -15.333882   12.640511
   19.165815   14.975974   20.305965  -19.069838   13.694077   20.790722
   12.364119   16.435919   10.5197525 -21.720085   15.432148   11.639216
   18.186996  -13.345263   13.221556  -13.764556   19.476908   15.595521
   13.353815   12.214088  -15.8258     14.971713   14.05084    16.837503
  -27.533352   19.472298 ]]
Layer 7: shape (1, 50)
Values: [[ 1. -1.  1.  1.  1.  1.  1.  1. -1.  1. -1. -1.  1. -1.  1.  1. -1.  1.
   1.  1.  1.  1. -1.  1.  1.  1.  1. -1.  1.  1.  1.  1.  1. -1.  1.  1.
   1. -1.  1. -1.  1.  1.  1.  1. -1.  1.  1.  1. -1.  1.]]

Actor output act:
Shape: torch.Size([1, 50])
Values: [[1. 0. 1. 1. 1. 1. 1. 1. 0. 1. 0. 0. 1. 0. 1. 1. 0. 1. 1. 1. 1. 1. 0. 1.
  1. 1. 1. 0. 1. 1. 1. 1. 1. 0. 1. 1. 1. 0. 1. 0. 1. 1. 1. 1. 0. 1. 1. 1.
  0. 1.]]
