Weights:
layer:1 - preprocess.fc1.weight:
tensor([[ 4.9238e-01,  2.2612e-01,  2.2767e-02,  ...,  1.2913e-01,
          3.1329e-01,  4.9096e-40],
        [ 3.8645e-02, -1.5141e-01,  3.9762e-01,  ...,  5.9311e-02,
          7.3969e-02,  4.9289e-40],
        [ 1.3494e-01,  6.9394e-01,  4.6748e-01,  ...,  2.6673e-01,
          2.9176e-01,  4.9243e-40],
        ...,
        [ 7.1293e-01,  2.6082e-01,  3.7655e-01,  ...,  1.5326e-01,
          3.1115e-01, -4.9106e-40],
        [ 6.2091e-01,  5.4623e-01,  3.5265e-01,  ...,  2.2759e-01,
          3.0504e-01, -4.9246e-40],
        [ 1.2162e-01,  4.1032e-01,  3.0571e-01,  ...,  2.0121e-01,
          1.5596e-01,  4.9088e-40]], device='cuda:0')

layer:2 - preprocess.fc1.bias:
tensor([ 0.4169, -0.6370,  0.3909,  0.2205,  0.2596, -0.1889,  0.2941,  0.0874,
         0.2375,  0.6480,  0.2364,  0.6072,  0.0953,  0.2485,  0.2267, -0.1182,
        -0.8722,  0.2311,  0.3298, -0.8898,  0.4875,  0.2572, -0.1392,  0.6835,
         0.5083,  0.4706,  0.3946, -0.1979,  0.3830,  0.5605,  0.6963,  0.2076,
         0.1364, -0.8436,  0.2061,  0.2711,  0.1666,  0.3891,  0.4850,  0.5607,
        -0.1415, -0.8870, -0.0077,  0.0477,  0.1807,  0.3587,  0.0792,  0.4130,
        -0.1864,  0.3921, -0.1092,  0.1410,  0.2632,  0.3936,  0.4386,  0.2264,
         0.2272, -0.0240,  0.0772,  0.5795,  0.4625, -0.3289,  0.6093,  0.4051,
        -0.9292,  0.2426,  0.1715,  0.5873,  0.2392,  0.6999,  0.0295,  0.2502,
        -0.9371, -0.5115,  0.2227,  0.0853, -0.0596,  0.0032, -0.9440, -0.3358,
         0.0931,  0.3864,  0.1492, -0.1218, -0.0114,  0.7888, -0.0952, -0.6082,
         0.1037,  0.1127, -0.3258, -0.2127, -0.8109,  0.3831, -0.0380,  0.2256,
        -0.8100,  0.5310, -0.1061, -0.7411, -0.9493,  0.0849,  0.0250,  0.7599,
         0.6432, -0.3531,  0.2357,  0.2540,  0.3688, -0.7126,  0.1282,  0.0867,
         0.6293,  0.5053,  0.6392, -0.0655,  0.1333,  0.2062,  0.4167,  0.4344,
         0.3503,  0.3682, -0.0528,  0.2523, -0.9119,  0.2790,  0.1420,  0.6443,
         0.0098,  0.3961,  0.3074,  0.2322, -0.0437,  0.0786,  0.8235,  0.2345,
         0.2296,  0.5154,  0.4773,  0.1324,  0.7727,  0.4307,  0.7720,  0.3176,
        -0.2176,  0.0157,  0.3604,  0.1792, -0.2771,  0.4593,  0.6343,  0.2572,
         0.2018, -0.0384,  0.2415,  0.0398,  0.0655, -0.0547, -0.1354, -0.1217,
         0.0501,  0.4726,  0.0669, -0.3376,  0.4792, -0.3640, -0.1198,  0.5722,
        -0.8722,  0.5364,  0.4958,  0.2671,  0.4624,  0.0524, -0.0980,  0.3817,
        -0.3803,  0.0358,  0.2482,  0.3728,  0.5277,  0.3519, -0.0882,  0.3107,
        -0.5234, -0.2275,  0.2685,  0.2857,  0.3124,  0.4269, -0.2544,  0.3204,
         0.3811,  0.4566,  0.7546,  0.0897,  0.1609,  0.1123,  0.2635, -0.1455,
         0.3762, -0.3029,  0.4109,  0.4815,  0.5922,  0.5199,  0.1860,  0.0562,
         0.1015, -0.0389, -0.6865,  0.5603, -0.2094,  0.5003,  0.2596,  0.4042,
         0.0697, -0.7764,  0.3106,  0.1422, -1.0032,  0.5161, -0.8430,  0.0667,
         0.0490,  0.5558,  0.8683, -0.2607, -0.2513,  0.5919, -0.3852,  0.0591,
         0.1177, -0.8382,  0.0538,  0.0334, -0.5311,  0.1788,  0.0705, -0.1634,
        -0.8798,  0.2054, -0.3185,  0.1463, -0.1728,  0.3207,  0.6915,  0.3363,
         0.1706, -0.8784,  0.4873,  0.3789,  0.0463, -0.3750,  0.2152,  0.6086],
       device='cuda:0')

layer:3 - preprocess.ln1.weight:
tensor([1.8763, 1.1714, 1.6761, 1.7857, 1.8390, 1.4600, 1.5019, 1.8213, 1.6673,
        1.7601, 1.6659, 1.7887, 1.7322, 1.6024, 1.9499, 1.6179, 1.1638, 1.6660,
        1.7949, 1.1702, 1.6993, 1.7518, 1.6097, 1.7314, 1.6896, 1.8301, 1.5073,
        1.5347, 1.6508, 1.8433, 1.7379, 1.7582, 1.6244, 1.1726, 1.7297, 1.7546,
        1.7600, 1.6232, 1.6442, 2.5649, 1.6172, 1.2114, 1.7049, 1.5706, 1.6439,
        1.7354, 1.7236, 1.6650, 1.5573, 1.7024, 1.4456, 1.7709, 1.6744, 1.6361,
        1.5722, 1.6978, 1.6747, 1.6836, 1.6086, 1.6981, 1.6976, 1.4930, 1.8058,
        1.6267, 1.1628, 1.5930, 1.8078, 1.7174, 1.6776, 1.7478, 1.6740, 1.5787,
        1.1756, 1.5822, 1.8067, 1.6929, 1.5618, 1.7126, 1.0598, 1.5786, 1.8024,
        1.7566, 1.8677, 1.4348, 1.6714, 1.6910, 1.6748, 1.1315, 1.7114, 1.6966,
        1.4801, 1.5326, 1.0003, 1.8180, 1.6476, 1.6364, 1.1926, 2.0802, 1.6192,
        1.1797, 1.1864, 1.7104, 1.6047, 1.6558, 1.8086, 1.5606, 1.5972, 1.6792,
        1.5892, 1.1922, 1.6562, 1.5597, 1.8572, 1.6865, 1.6667, 1.4971, 1.6860,
        1.8128, 1.6881, 1.6050, 1.8539, 1.6328, 1.6600, 1.7886, 1.1723, 1.4875,
        1.7406, 1.8357, 1.5994, 1.7112, 1.7662, 1.7085, 1.5403, 1.8092, 1.7263,
        1.8530, 1.7099, 1.7417, 1.9959, 1.6921, 1.8357, 1.8532, 1.7457, 1.7299,
        1.6153, 1.8512, 1.6617, 1.5980, 1.5175, 1.6807, 1.8963, 1.7085, 1.6362,
        1.6551, 1.5652, 1.6401, 1.8800, 1.7772, 1.6103, 1.5839, 1.6560, 1.5736,
        1.7506, 1.6362, 1.6426, 1.5014, 1.6834, 1.8333, 1.1004, 1.6479, 1.7584,
        1.5208, 1.7706, 1.5383, 1.5562, 1.4019, 1.6417, 1.4295, 1.9919, 1.7279,
        1.6828, 1.5558, 1.6335, 1.6528, 1.4967, 1.5437, 1.6675, 1.6575, 1.6013,
        1.8878, 1.6923, 1.6758, 1.7257, 1.7392, 1.5870, 1.6743, 1.6575, 1.5854,
        1.6035, 1.6389, 1.6212, 1.7245, 1.8007, 1.7374, 1.6750, 1.5837, 1.5724,
        1.4933, 1.5980, 1.4907, 1.1056, 1.7034, 1.5342, 1.6809, 1.6328, 1.7322,
        1.7098, 1.1493, 1.5577, 1.5569, 1.2876, 1.8151, 1.1686, 1.5560, 1.8134,
        1.7935, 1.7706, 1.6482, 1.6353, 1.8661, 1.5011, 1.6587, 1.7061, 1.1759,
        1.7048, 1.7476, 1.5293, 1.8471, 1.6680, 1.5633, 1.1719, 1.8006, 1.6198,
        1.8408, 1.4930, 1.8221, 1.7205, 1.8181, 1.6012, 1.1547, 1.7141, 1.6059,
        1.5877, 1.5759, 1.6084, 1.8877], device='cuda:0')

layer:4 - preprocess.ln1.bias:
tensor([ 0.2520,  0.0322,  0.2492,  0.2630,  0.2266,  0.1998,  0.2393,  0.2367,
         0.1945,  0.2483,  0.2178,  0.2394,  0.1779,  0.2246,  0.2310,  0.2330,
        -0.0794,  0.2185,  0.2189, -0.1148,  0.2098,  0.2537,  0.1491,  0.2749,
         0.2549,  0.1909,  0.2277,  0.1834,  0.2092,  0.2623,  0.0843,  0.2484,
         0.2124, -0.0254,  0.2560,  0.2118,  0.2304,  0.2779,  0.2273,  0.2320,
         0.1599, -0.1414,  0.2216,  0.1768,  0.1961,  0.1681,  0.1742,  0.2557,
         0.1535,  0.1976,  0.1564,  0.2549,  0.2603,  0.2288,  0.2099,  0.2174,
         0.1501,  0.2320,  0.1552,  0.2731,  0.2791,  0.1716,  0.2563,  0.2232,
        -0.0810,  0.2201,  0.1979,  0.2328,  0.1881,  0.2880,  0.2015,  0.2020,
        -0.0966,  0.1876,  0.2439,  0.1373,  0.1406,  0.1988,  0.0278,  0.2044,
         0.1801,  0.2372,  0.2199,  0.1856,  0.1825,  0.2505,  0.2251,  0.1421,
         0.1833,  0.2131,  0.1378,  0.1170,  0.0737,  0.2644,  0.2323,  0.1802,
        -0.0358,  0.2446,  0.1929,  0.0489,  0.0193,  0.2184,  0.1877,  0.2950,
         0.2439,  0.1832,  0.1815,  0.1965,  0.2155, -0.0166,  0.1668,  0.2234,
         0.2671,  0.2662,  0.2538,  0.1897,  0.2276,  0.2378,  0.2702,  0.2556,
         0.2374,  0.2820,  0.2202,  0.2144, -0.0023,  0.1972,  0.1164,  0.2733,
         0.2119,  0.2235,  0.2442,  0.1521,  0.1648,  0.2433,  0.2428,  0.1979,
         0.1992,  0.2387,  0.2469,  0.1697,  0.2717,  0.2037,  0.2813,  0.2386,
         0.1943,  0.1953,  0.1965,  0.2410,  0.1682,  0.2262,  0.2819,  0.2317,
         0.2630,  0.1722,  0.2154,  0.1176,  0.1808,  0.2008,  0.1898,  0.1647,
         0.2247,  0.2125,  0.2685,  0.1613,  0.1894,  0.1615,  0.2257,  0.2671,
         0.0249,  0.1902,  0.2381,  0.2117,  0.2572,  0.2273,  0.2018,  0.2404,
         0.1888,  0.2061,  0.1968,  0.2159,  0.2853,  0.1916,  0.1357,  0.1743,
         0.1307,  0.1668,  0.1699,  0.2155,  0.2616,  0.2322,  0.1554,  0.2599,
         0.2468,  0.2372,  0.2909,  0.2229,  0.2292,  0.1921,  0.2092,  0.2231,
         0.2424,  0.1941,  0.2172,  0.2247,  0.2551,  0.2455,  0.1729,  0.1570,
         0.1892,  0.2245,  0.0468,  0.2073,  0.2054,  0.2326,  0.2279,  0.2419,
         0.2345, -0.0300,  0.2123,  0.1795, -0.1854,  0.2237, -0.0761,  0.1973,
         0.2045,  0.2760,  0.3082,  0.0877,  0.2099,  0.2275,  0.1073,  0.1556,
         0.2724, -0.0651,  0.2204,  0.1760,  0.1545,  0.2620,  0.2185,  0.1795,
        -0.0017,  0.2504,  0.1947,  0.1500,  0.1967,  0.2309,  0.2117,  0.2765,
         0.2165,  0.0847,  0.2238,  0.2114,  0.1979,  0.1880,  0.2558,  0.2621],
       device='cuda:0')

layer:5 - preprocess.fc2.weight:
tensor([[ 0.2881, -0.4050,  0.3435,  ...,  0.1576,  0.2096,  0.2998],
        [ 0.1873, -0.2962,  0.3576,  ...,  0.3751,  0.2465, -0.0634],
        [ 0.1137, -0.2333,  0.2227,  ...,  0.2302,  0.2158, -0.0012],
        ...,
        [-0.0232, -0.2356,  0.1395,  ...,  0.0167,  0.2503,  0.2621],
        [ 0.0669, -0.0855,  0.2429,  ...,  0.3331,  0.4472, -0.1547],
        [ 0.2084, -0.0897,  0.3713,  ...,  0.2056,  0.2921,  0.3572]],
       device='cuda:0')

layer:6 - preprocess.fc2.bias:
tensor([0.3019, 0.3163, 0.2953, 0.3011, 0.3150, 0.2870, 0.3318, 0.2365, 0.3375,
        0.2699, 0.2369, 0.2600, 0.2704, 0.3009, 0.2720, 0.3587, 0.2797, 0.2399,
        0.2501, 0.2549, 0.2597, 0.2984, 0.2794, 0.2474, 0.2351, 0.2337, 0.2939,
        0.3464, 0.2968, 0.2796, 0.2397, 0.2747, 0.2956, 0.2568, 0.2992, 0.2458,
        0.3317, 0.3577, 0.2669, 0.2658, 0.2897, 0.2712, 0.2440, 0.3213, 0.2821,
        0.2655, 0.2695, 0.3028, 0.2214, 0.2814, 0.2882, 0.2104, 0.2849, 0.2718,
        0.2337, 0.3336, 0.2818, 0.3132, 0.2521, 0.2551, 0.3054, 0.2686, 0.2847,
        0.2890, 0.2419, 0.2474, 0.2288, 0.2552, 0.2162, 0.2814, 0.2169, 0.2657,
        0.2803, 0.2668, 0.2904, 0.2630, 0.2515, 0.3427, 0.2837, 0.2870, 0.2341,
        0.3138, 0.1937, 0.2024, 0.2199, 0.2658, 0.2677, 0.1967, 0.2971, 0.3136,
        0.2566, 0.2526, 0.3080, 0.2404, 0.2602, 0.2630, 0.2214, 0.2394, 0.2784,
        0.3100, 0.2435, 0.3345, 0.2687, 0.2725, 0.2846, 0.3033, 0.2739, 0.3012,
        0.2788, 0.2851, 0.2997, 0.3113, 0.2079, 0.2756, 0.1917, 0.2696, 0.2331,
        0.2491, 0.3174, 0.2228, 0.2168, 0.2774, 0.3042, 0.2717, 0.2512, 0.2715,
        0.3170, 0.2826, 0.2571, 0.2859, 0.3160, 0.2961, 0.2312, 0.3277, 0.3154,
        0.2424, 0.2684, 0.2705, 0.3124, 0.3357, 0.3243, 0.3284, 0.2453, 0.2717,
        0.2423, 0.2106, 0.2833, 0.2559, 0.2283, 0.2977, 0.3179, 0.2361, 0.3062,
        0.3240, 0.2859, 0.2771, 0.2143, 0.2718, 0.2352, 0.2318, 0.3607, 0.2482,
        0.2958, 0.2940, 0.2574, 0.3356, 0.2180, 0.3064, 0.2835, 0.2227, 0.2977,
        0.2036, 0.3161, 0.3281, 0.2347, 0.2522, 0.2983, 0.2771, 0.1913, 0.2784,
        0.2766, 0.2694, 0.3236, 0.2216, 0.2385, 0.1917, 0.2608, 0.2580, 0.2964,
        0.2980, 0.2913, 0.2897, 0.2984, 0.2465, 0.2440, 0.3581, 0.2282, 0.2366,
        0.2912, 0.2868, 0.2454, 0.2901, 0.2395, 0.3376, 0.2677, 0.2800, 0.2804,
        0.2900, 0.2001, 0.3044, 0.2528, 0.2434, 0.2036, 0.2273, 0.2464, 0.2884,
        0.2269, 0.2195, 0.1980, 0.2758, 0.3133, 0.2646, 0.2972, 0.2648, 0.2712,
        0.2836, 0.2537, 0.3439, 0.3711, 0.1842, 0.2736, 0.2449, 0.2793, 0.2202,
        0.3050, 0.2411, 0.2965, 0.2022, 0.2827, 0.2630, 0.3043, 0.2337, 0.1824,
        0.2761, 0.2569, 0.3369, 0.2147, 0.2644, 0.3677, 0.2871, 0.3420, 0.3331,
        0.2078, 0.2662, 0.2497, 0.2798], device='cuda:0')

layer:7 - preprocess.ln2.weight:
tensor([2.1577, 2.2592, 2.2213, 2.0013, 2.2853, 2.1024, 2.2976, 1.9135, 1.6226,
        2.3934, 1.8767, 2.0589, 2.3165, 2.1460, 2.0617, 2.3557, 2.2163, 2.1935,
        2.2228, 2.1027, 2.0341, 1.7944, 1.1857, 2.0944, 2.2350, 1.2487, 2.1067,
        2.3709, 2.1656, 1.4730, 2.2162, 2.1493, 2.2949, 2.1607, 2.0951, 1.2984,
        2.3374, 1.9516, 2.0108, 2.2005, 2.0035, 2.3752, 2.0128, 2.3471, 1.3276,
        2.1615, 1.7798, 2.5418, 1.2626, 2.1854, 1.4386, 1.2335, 2.0307, 2.2334,
        1.2595, 1.3219, 2.2408, 1.1863, 1.6503, 2.5058, 3.3790, 2.5180, 2.0765,
        2.0861, 2.5339, 2.5204, 2.2407, 2.3832, 2.3814, 2.3822, 2.2121, 2.1866,
        2.1939, 2.0071, 1.8889, 2.1380, 1.2673, 1.8255, 2.3281, 1.3290, 2.2824,
        2.3408, 2.7065, 2.3783, 2.2806, 1.7000, 2.4167, 1.9070, 2.3373, 1.8488,
        2.3375, 2.0723, 2.1781, 2.0274, 2.1621, 2.0160, 2.6318, 2.0861, 2.0548,
        2.2984, 2.1491, 2.0940, 2.5056, 2.2408, 2.4895, 1.6197, 1.6351, 2.6522,
        2.2750, 2.3129, 2.2976, 2.1250, 2.5544, 2.3185, 1.9823, 2.0661, 2.3469,
        1.8862, 2.0610, 1.9955, 2.3183, 2.1936, 2.0413, 2.0979, 2.3036, 1.8725,
        2.2613, 1.5425, 2.0296, 2.1251, 1.8901, 1.8317, 2.0949, 2.2142, 2.4641,
        1.7810, 1.9312, 2.1020, 2.5949, 2.1472, 2.1773, 2.3111, 2.3456, 2.2438,
        1.2964, 1.5198, 2.3806, 2.1161, 1.2698, 2.3634, 1.9898, 1.8981, 2.1276,
        1.4052, 2.1227, 2.4695, 1.7116, 2.2067, 1.3085, 1.3049, 2.3696, 2.1635,
        2.0520, 1.8545, 2.2780, 1.6998, 1.1261, 2.3129, 2.3034, 2.3999, 2.4051,
        1.8308, 1.9996, 2.2431, 1.3624, 2.6501, 1.6852, 2.1184, 2.2913, 2.3211,
        2.0512, 1.6748, 2.2694, 2.0738, 2.1291, 1.8476, 2.4502, 2.2894, 2.2075,
        2.3946, 1.9968, 2.3292, 2.3398, 2.2947, 2.3428, 2.0289, 2.0001, 2.2626,
        2.9219, 2.0348, 2.1793, 2.2371, 2.2998, 2.0640, 2.1536, 2.3542, 2.3351,
        2.4767, 2.2111, 2.5753, 2.2479, 1.9739, 1.8206, 2.4260, 2.0450, 2.3172,
        2.4653, 2.3148, 2.4249, 2.1728, 2.2728, 2.2574, 2.0830, 2.3061, 1.7610,
        2.3637, 1.3789, 2.5547, 2.1054, 1.3382, 2.1705, 2.0427, 2.2229, 2.5528,
        2.2227, 2.0375, 1.8809, 2.1473, 2.3567, 2.2590, 2.3172, 2.2583, 1.1620,
        2.1358, 1.4492, 2.1959, 1.8023, 2.2851, 2.1310, 2.0215, 2.2406, 2.3177,
        2.1955, 2.0902, 2.1663, 2.1836], device='cuda:0')

layer:8 - preprocess.ln2.bias:
tensor([0.9307, 0.9023, 1.0137, 0.9408, 0.9537, 0.8943, 1.0555, 0.9464, 1.0816,
        0.9441, 1.0163, 1.0121, 0.9131, 1.0301, 0.8512, 0.9834, 0.9253, 0.9499,
        1.0231, 0.9441, 0.8969, 1.0496, 0.6362, 0.9164, 0.9116, 0.7512, 1.0027,
        1.0548, 0.9462, 0.8425, 0.9056, 0.9598, 0.9736, 1.0406, 0.9978, 0.6993,
        0.8531, 0.9346, 0.9040, 0.8984, 1.0259, 0.8844, 0.9070, 0.8984, 0.7572,
        0.8440, 0.9396, 0.9526, 0.6728, 0.9079, 0.9284, 0.8749, 1.0143, 1.0209,
        0.6423, 0.6833, 0.9192, 0.7623, 0.7243, 1.0028, 1.0023, 0.8981, 1.0243,
        0.8629, 0.9987, 0.9883, 0.9047, 0.9543, 0.8759, 1.0494, 0.9859, 0.9284,
        0.8636, 0.9842, 0.9921, 0.9044, 0.5959, 1.0109, 0.9320, 1.0651, 0.9794,
        0.8932, 0.9440, 0.7993, 0.9327, 1.0434, 1.0039, 0.8415, 0.9549, 0.8316,
        0.9159, 0.9648, 0.9379, 1.0162, 0.9179, 0.9156, 0.9014, 0.9240, 0.9404,
        0.9096, 1.0351, 0.9332, 0.9201, 0.9486, 0.9062, 1.0386, 0.9376, 0.2060,
        0.8818, 0.9926, 0.9116, 0.8998, 0.3783, 0.9019, 0.8900, 0.9476, 1.0814,
        0.9777, 0.9939, 1.0155, 0.7880, 0.9728, 1.0176, 0.9348, 0.9000, 0.9175,
        0.8845, 1.0808, 0.9551, 0.9900, 1.0560, 0.8912, 0.9530, 0.9511, 1.0157,
        0.9759, 0.9502, 0.9861, 0.9819, 1.0555, 1.0044, 1.0207, 0.9739, 0.9555,
        0.6752, 0.7851, 0.9239, 0.9569, 0.5875, 0.9570, 1.0470, 0.9905, 0.9895,
        0.5199, 0.9289, 0.9936, 0.9038, 0.9567, 0.6759, 0.5652, 0.9999, 0.9480,
        1.0201, 0.9303, 0.8928, 1.0246, 1.0847, 0.9596, 0.9364, 0.9083, 0.9267,
        0.9297, 0.9471, 0.9403, 0.5403, 0.5712, 0.9670, 0.9374, 0.8225, 1.0045,
        1.0046, 0.9393, 0.8800, 0.8611, 0.9193, 0.9832, 0.9726, 0.8497, 1.0624,
        0.9101, 0.9369, 1.0043, 0.9237, 0.9173, 0.8952, 0.9742, 0.8868, 0.9111,
        0.9118, 0.9141, 0.9987, 0.9052, 0.9798, 0.9335, 0.9487, 0.9340, 0.8896,
        0.8977, 0.9171, 1.0604, 0.8493, 0.9473, 0.8964, 1.0011, 0.9642, 1.0994,
        1.0445, 0.8899, 0.9284, 0.8923, 0.9988, 0.9903, 0.9382, 0.9021, 1.0269,
        0.9293, 0.5428, 0.8990, 1.0893, 0.4867, 0.9810, 0.9211, 0.9527, 0.9299,
        0.9375, 0.9407, 1.0325, 0.9563, 0.9396, 0.8752, 0.9712, 0.9616, 0.6247,
        0.9556, 0.6160, 0.8899, 0.9980, 1.0681, 0.9170, 1.0157, 0.9245, 0.9700,
        0.9448, 0.9635, 0.9464, 0.9658], device='cuda:0')

layer:9 - preprocess.fc3.weight:
tensor([[0.5280, 0.1279, 0.1202,  ..., 0.0232, 0.1217, 0.1638],
        [0.2502, 0.4318, 0.1315,  ..., 0.1498, 0.3509, 0.2780],
        [0.1152, 0.3342, 0.1650,  ..., 0.2920, 0.2162, 0.2683],
        ...,
        [0.2078, 0.0481, 0.2956,  ..., 0.4287, 0.2385, 0.4172],
        [0.3493, 0.2022, 0.2651,  ..., 0.2221, 0.3619, 0.1866],
        [0.2444, 0.3749, 0.2482,  ..., 0.1484, 0.2639, 0.5663]],
       device='cuda:0')

layer:10 - preprocess.fc3.bias:
tensor([0.2910, 0.3213, 0.2766, 0.2837, 0.2806, 0.2307, 0.2883, 0.2419, 0.3226,
        0.2360, 0.2778, 0.2235, 0.2921, 0.2903, 0.2613, 0.2600, 0.2390, 0.2322,
        0.2900, 0.2655, 0.2966, 0.2762, 0.2953, 0.2799, 0.2651, 0.3155, 0.3096,
        0.2845, 0.3247, 0.3226, 0.2800, 0.3113, 0.2794, 0.3072, 0.2575, 0.2679,
        0.3336, 0.2952, 0.2833, 0.2499, 0.3130, 0.3496, 0.2709, 0.2745, 0.2619,
        0.2553, 0.2844, 0.2552, 0.2929, 0.3158, 0.2563, 0.2137, 0.2877, 0.3065,
        0.3157, 0.3345, 0.3154, 0.3157, 0.2955, 0.2449, 0.3224, 0.2659, 0.2579,
        0.2847, 0.3099, 0.2613, 0.2595, 0.2621, 0.2294, 0.2467, 0.2631, 0.2862,
        0.2755, 0.3131, 0.2775, 0.2827, 0.2595, 0.2292, 0.2927, 0.3083, 0.2514,
        0.2844, 0.2718, 0.3551, 0.2431, 0.2956, 0.3042, 0.2731, 0.2831, 0.2157,
        0.2422, 0.2909, 0.2849, 0.3388, 0.2821, 0.2622, 0.2331, 0.1932, 0.2726,
        0.2648, 0.3103, 0.2745, 0.2235, 0.2725, 0.3480, 0.2981, 0.2844, 0.2816,
        0.3187, 0.3288, 0.2848, 0.3260, 0.2694, 0.2694, 0.2545, 0.3153, 0.3028,
        0.2484, 0.3299, 0.3065, 0.2458, 0.2458, 0.2889, 0.2387, 0.2196, 0.2709,
        0.2913, 0.2926, 0.2274, 0.2533, 0.3306, 0.2876, 0.2686, 0.3011, 0.2504,
        0.2321, 0.2150, 0.3050, 0.3155, 0.2415, 0.3177, 0.3012, 0.3025, 0.2902,
        0.3027, 0.2555, 0.2943, 0.2563, 0.2747, 0.2617, 0.2598, 0.2720, 0.2873,
        0.3128, 0.3124, 0.2846, 0.2758, 0.2684, 0.3046, 0.2582, 0.3158, 0.2763,
        0.2933, 0.2836, 0.2697, 0.2798, 0.2376, 0.3252, 0.2904, 0.2551, 0.2820,
        0.2811, 0.2948, 0.2673, 0.3344, 0.3025, 0.2944, 0.2433, 0.2961, 0.2884,
        0.3434, 0.3163, 0.3096, 0.2653, 0.2743, 0.2876, 0.3353, 0.2722, 0.2869,
        0.2235, 0.2727, 0.2638, 0.2991, 0.2851, 0.3034, 0.2485, 0.2209, 0.2164,
        0.2562, 0.3256, 0.3147, 0.2876, 0.2738, 0.2909, 0.3163, 0.2854, 0.2572,
        0.3109, 0.2633, 0.3120, 0.2410, 0.2986, 0.2628, 0.2242, 0.2758, 0.2936,
        0.2682, 0.2681, 0.3154, 0.2429, 0.2647, 0.3038, 0.2746, 0.2954, 0.3180,
        0.2682, 0.2719, 0.2855, 0.2863, 0.2904, 0.2801, 0.2978, 0.2402, 0.2604,
        0.2636, 0.2486, 0.2411, 0.2970, 0.2716, 0.2488, 0.2975, 0.2717, 0.2331,
        0.2757, 0.2931, 0.2624, 0.2892, 0.2997, 0.2763, 0.2375, 0.2488, 0.3093,
        0.3092, 0.2575, 0.2494, 0.2914], device='cuda:0')

layer:11 - preprocess.ln3.weight:
tensor([2.2017, 2.1613, 1.5613, 2.0447, 2.1185, 2.0196, 2.2246, 1.9014, 2.1382,
        2.4002, 2.2275, 1.6836, 1.9275, 2.0477, 1.9623, 2.4011, 2.3614, 1.8187,
        2.1655, 2.0729, 1.9588, 1.8412, 2.1035, 2.1649, 2.1416, 2.4927, 2.2912,
        2.2750, 2.3639, 2.6690, 1.7789, 2.0497, 2.1886, 3.3541, 2.5267, 2.4870,
        1.9354, 2.0911, 2.1743, 1.8480, 2.1137, 2.3034, 2.0645, 2.3672, 2.6346,
        2.2201, 1.8777, 2.1064, 2.5541, 1.9263, 2.2084, 2.0475, 1.9223, 2.4044,
        2.4003, 2.5479, 2.2661, 2.2303, 2.2520, 2.4529, 2.5479, 2.0352, 1.9645,
        2.3124, 2.0669, 2.4236, 1.7903, 2.2754, 1.7217, 2.2256, 1.7201, 2.1197,
        2.3180, 2.3422, 2.3038, 2.2089, 2.4625, 2.1493, 1.8722, 2.4472, 2.3134,
        1.7577, 2.1263, 1.9225, 2.0616, 2.0854, 2.4001, 2.1376, 1.9478, 2.0570,
        1.9856, 2.2486, 2.1446, 2.2962, 2.5852, 2.1609, 2.0692, 1.9339, 1.8356,
        1.7253, 2.5432, 1.9128, 2.2948, 2.4282, 1.9693, 2.0918, 2.1244, 2.4038,
        2.1363, 1.8944, 1.7450, 1.9544, 2.1538, 2.2757, 1.9460, 2.2768, 2.1961,
        2.3189, 1.8369, 2.5414, 2.0995, 2.1289, 1.6241, 2.3318, 2.2598, 2.1106,
        2.1281, 2.4791, 2.3683, 2.0145, 2.4018, 2.0566, 2.2798, 2.4311, 2.1149,
        1.9653, 2.2482, 1.7389, 2.2001, 2.1685, 2.0476, 2.5361, 2.2706, 1.9278,
        2.1449, 2.5001, 2.3018, 2.2476, 2.5036, 1.9740, 2.0552, 1.8402, 1.9277,
        2.6200, 1.7354, 2.3489, 1.9415, 1.9719, 2.2911, 2.2589, 2.1660, 2.5014,
        1.7704, 2.0632, 2.5059, 2.2927, 1.9336, 2.2762, 2.0276, 2.0039, 1.9415,
        1.8848, 2.0142, 2.0986, 2.2414, 2.0509, 1.5598, 2.2165, 2.1775, 1.7342,
        2.2064, 1.6225, 1.6482, 2.1925, 1.6788, 2.2686, 2.1753, 1.6670, 2.6413,
        1.4089, 1.7806, 2.4932, 2.4130, 2.0217, 2.3542, 2.2024, 2.1853, 1.6941,
        2.4142, 2.1267, 2.3118, 2.2061, 2.5524, 1.7414, 2.1254, 2.2122, 2.4384,
        2.2539, 2.0770, 2.5184, 2.1776, 1.5443, 2.1580, 2.0471, 2.2444, 2.4050,
        1.8055, 1.9650, 2.3041, 2.0250, 2.5901, 1.7481, 2.1756, 2.5408, 1.9614,
        2.0654, 2.6324, 2.3707, 2.1975, 2.2679, 2.6001, 2.1178, 1.8439, 2.3548,
        2.0771, 2.1024, 2.4356, 1.9788, 1.9092, 2.4334, 2.0488, 2.1066, 2.0515,
        2.2499, 2.3647, 2.1632, 2.0920, 2.3961, 2.1227, 2.0995, 1.6726, 1.7160,
        2.3505, 2.0270, 1.7262, 1.9913], device='cuda:0')

layer:12 - preprocess.ln3.bias:
tensor([1.0278, 1.0852, 0.7789, 1.0543, 1.1614, 0.9958, 1.1479, 0.9522, 1.1161,
        1.1737, 1.1140, 1.0722, 1.1685, 1.1611, 1.0504, 1.2173, 1.0771, 1.0254,
        1.1440, 1.0686, 1.0409, 1.1926, 1.0501, 1.1242, 1.0712, 1.0810, 1.1254,
        1.2232, 1.0813, 1.1640, 1.0668, 1.1400, 1.1095, 1.0655, 1.0915, 1.0753,
        1.1434, 0.9283, 1.0919, 1.0382, 1.1242, 1.0769, 0.9683, 0.9803, 1.1353,
        0.9947, 0.9207, 1.1095, 1.0701, 0.9319, 1.1216, 0.9084, 1.1241, 1.2244,
        0.9829, 1.0982, 1.1702, 1.0203, 0.9602, 1.1606, 1.2330, 1.1022, 1.1402,
        1.0268, 1.0704, 1.1726, 1.0241, 1.0131, 1.0856, 1.1008, 0.9644, 1.0981,
        0.8793, 1.1809, 1.0929, 1.1110, 0.9611, 1.0575, 1.0894, 1.1287, 1.1514,
        0.9876, 1.1575, 0.9214, 1.0970, 1.1375, 1.2577, 1.0588, 1.1773, 1.0355,
        1.0497, 1.0602, 0.9821, 1.1318, 1.1210, 1.0183, 1.0294, 1.0609, 0.7461,
        1.0245, 1.2352, 1.0410, 1.1021, 1.1562, 1.0699, 1.0554, 1.0819, 1.0689,
        0.8865, 1.1314, 0.9831, 1.1179, 1.1317, 1.1126, 0.8378, 1.0566, 1.2031,
        1.0715, 1.2124, 1.1920, 1.1195, 1.1390, 1.1576, 0.9929, 1.0947, 1.1176,
        0.8936, 1.1443, 1.0375, 1.1214, 1.1873, 1.0688, 1.1798, 1.1640, 1.1723,
        1.0973, 0.8817, 1.0450, 1.1482, 1.0000, 1.0040, 1.1661, 1.1427, 1.1582,
        1.2045, 1.0588, 1.1272, 1.1404, 1.1109, 0.7872, 1.2047, 1.1874, 1.0844,
        1.1611, 1.1113, 1.0969, 1.0715, 0.9180, 0.8753, 0.8090, 1.1335, 1.0390,
        1.1638, 1.1437, 1.1349, 1.0715, 1.0859, 1.2220, 1.1073, 1.0601, 1.0775,
        1.1256, 1.1342, 1.0763, 1.1599, 1.0821, 0.9317, 1.0273, 1.0720, 1.1477,
        1.1854, 0.8976, 1.1161, 0.9979, 1.1480, 1.0822, 1.1434, 1.1540, 1.1810,
        0.6559, 1.1205, 1.1807, 1.1071, 1.0217, 1.0383, 1.0777, 1.0511, 1.0271,
        0.7756, 1.0714, 1.1873, 1.0688, 1.1302, 1.0315, 1.1333, 0.8299, 1.1018,
        0.8916, 1.0376, 1.2659, 1.0568, 0.9534, 1.1480, 1.0076, 1.1102, 1.0824,
        1.2163, 0.8575, 1.0672, 1.0822, 1.2260, 1.1069, 1.0657, 1.0212, 0.9427,
        1.1713, 1.1012, 1.0769, 1.2521, 1.1124, 1.1581, 1.0005, 1.0301, 1.0972,
        1.0982, 1.1003, 1.0015, 1.1642, 0.9952, 1.0578, 1.1296, 1.0653, 1.0295,
        1.0866, 1.0354, 1.0699, 1.0791, 1.2571, 1.0418, 1.1581, 0.6963, 1.0596,
        1.1697, 1.1202, 1.0705, 1.1720], device='cuda:0')

layer:13 - last.model.0.weight:
tensor([[-0.1323, -0.0684,  0.0686,  ..., -0.1161,  0.1313, -0.0191],
        [-0.0598, -0.2803, -0.1163,  ...,  0.2920, -0.3181,  0.0804],
        [-0.1291,  0.1200, -0.1531,  ..., -0.1805, -0.0743, -0.2033],
        ...,
        [-0.0681, -0.1374,  0.0699,  ..., -0.3272, -0.2476, -0.2884],
        [ 0.0006, -0.0676,  0.0532,  ..., -0.2655,  0.3112,  0.0088],
        [ 0.0949,  0.0554, -0.0977,  ..., -0.0238, -0.0113, -0.0886]],
       device='cuda:0')

layer:14 - last.model.0.bias:
tensor([-2.9133e-03,  6.3157e-02,  3.7498e-02, -5.1286e-03,  9.1836e-04,
        -4.4239e-02, -2.0274e-02, -6.7483e-02, -3.6462e-02,  3.9903e-02,
        -3.5319e-02,  2.3198e-02, -1.9309e-02,  8.6827e-03, -1.3161e-05,
         4.6727e-02, -1.5051e-02, -1.0464e-02, -3.1376e-02,  3.4557e-02,
        -2.4998e-02,  6.6774e-03, -3.0318e-03, -9.5490e-03,  4.8502e-02,
        -8.2953e-03, -4.2320e-02,  1.2082e-02, -7.7192e-03, -3.1766e-02,
        -1.8338e-02, -2.3779e-02, -3.0204e-02, -1.1673e-02, -1.0069e-02,
        -1.5152e-02, -2.1009e-02, -1.9940e-02, -3.0923e-03, -6.0016e-02,
        -1.3389e-02, -4.2337e-02,  1.9763e-02,  4.9476e-02,  1.3258e-02,
         2.3313e-02, -4.0914e-03,  2.5843e-02, -2.3732e-02, -9.5696e-03,
        -2.3436e-02, -9.6871e-03, -1.9325e-02, -4.6520e-03, -2.6959e-02,
        -1.3040e-02, -1.1883e-02,  2.1904e-03, -4.1129e-02,  2.0021e-02,
         7.8867e-03, -2.9564e-02,  5.2940e-02,  2.5974e-02,  1.0518e-02,
        -9.6400e-04, -1.2684e-02,  8.9917e-04, -1.9785e-02, -1.5794e-02,
        -1.3689e-02, -1.7969e-02,  3.6072e-02,  3.1659e-02,  4.4193e-02,
        -4.6821e-02, -1.0043e-02, -2.7159e-02, -1.2159e-02,  3.3978e-02,
        -1.9393e-02, -4.6376e-02,  3.1475e-03, -3.4796e-03,  1.6319e-02,
        -3.3907e-02,  1.8530e-03,  2.2493e-02,  2.5601e-02, -5.0985e-02,
        -2.6457e-02, -3.0493e-02, -1.6027e-02,  1.1081e-02,  3.4677e-04,
         2.6462e-02,  3.5470e-03, -5.4004e-02, -1.0682e-02, -6.6360e-03,
         1.0332e-02,  2.0760e-02, -5.9283e-02,  6.9959e-02, -1.4543e-02,
         4.1062e-02, -3.4695e-02, -3.2460e-02, -4.2170e-02,  2.0035e-02,
         5.6851e-02, -7.5357e-03,  2.5740e-02,  3.2947e-02,  5.8054e-03,
        -7.0484e-03,  1.0295e-02, -1.7278e-02, -3.0822e-02, -8.3845e-03,
        -1.9080e-02, -8.7259e-03, -5.9031e-03,  1.5149e-02, -3.5526e-03,
         2.3767e-02, -1.9127e-03, -1.7650e-03,  2.9114e-02,  3.8265e-02,
         1.5813e-03, -7.7761e-02, -4.1900e-02, -5.6199e-02, -1.1282e-02,
         3.1770e-02,  2.2483e-02, -4.1384e-02, -8.7907e-02,  1.4829e-03,
        -1.6240e-02,  2.0935e-02], device='cuda:0')

layer:15 - actor_old.preprocess.fc1.weight:
tensor([[ 4.9178e-01,  2.2438e-01,  2.4271e-02,  ...,  1.2888e-01,
          3.1303e-01,  4.9088e-40],
        [ 3.9693e-02, -1.5077e-01,  3.9724e-01,  ...,  5.9296e-02,
          7.4475e-02,  4.9284e-40],
        [ 1.3649e-01,  6.9452e-01,  4.6761e-01,  ...,  2.6699e-01,
          2.9156e-01,  4.9228e-40],
        ...,
        [ 7.1517e-01,  2.6266e-01,  3.7714e-01,  ...,  1.5389e-01,
          3.1166e-01, -4.9088e-40],
        [ 6.2146e-01,  5.4927e-01,  3.5354e-01,  ...,  2.2849e-01,
          3.0543e-01, -4.9228e-40],
        [ 1.2086e-01,  4.0808e-01,  3.0511e-01,  ...,  2.0021e-01,
          1.5455e-01,  4.9088e-40]], device='cuda:0')

layer:16 - actor_old.preprocess.fc1.bias:
tensor([ 0.4165, -0.6365,  0.3909,  0.2213,  0.2593, -0.1889,  0.2940,  0.0870,
         0.2373,  0.6468,  0.2366,  0.6070,  0.0958,  0.2481,  0.2266, -0.1182,
        -0.8719,  0.2313,  0.3296, -0.8892,  0.4862,  0.2571, -0.1391,  0.6839,
         0.5072,  0.4700,  0.3936, -0.1982,  0.3829,  0.5613,  0.6958,  0.2082,
         0.1362, -0.8432,  0.2079,  0.2702,  0.1656,  0.3892,  0.4846,  0.5609,
        -0.1407, -0.8865, -0.0081,  0.0476,  0.1812,  0.3582,  0.0786,  0.4133,
        -0.1861,  0.3926, -0.1087,  0.1416,  0.2639,  0.3945,  0.4388,  0.2256,
         0.2277, -0.0244,  0.0783,  0.5788,  0.4610, -0.3285,  0.6096,  0.4052,
        -0.9288,  0.2426,  0.1714,  0.5866,  0.2390,  0.6998,  0.0293,  0.2495,
        -0.9365, -0.5111,  0.2228,  0.0853, -0.0591,  0.0023, -0.9432, -0.3352,
         0.0936,  0.3869,  0.1494, -0.1210, -0.0116,  0.7883, -0.0947, -0.6085,
         0.1038,  0.1128, -0.3260, -0.2126, -0.8105,  0.3830, -0.0388,  0.2255,
        -0.8091,  0.5312, -0.1071, -0.7403, -0.9489,  0.0850,  0.0250,  0.7603,
         0.6428, -0.3529,  0.2353,  0.2531,  0.3684, -0.7119,  0.1275,  0.0867,
         0.6295,  0.5059,  0.6382, -0.0657,  0.1333,  0.2065,  0.4170,  0.4341,
         0.3509,  0.3676, -0.0528,  0.2528, -0.9116,  0.2804,  0.1418,  0.6440,
         0.0099,  0.3957,  0.3080,  0.2320, -0.0437,  0.0790,  0.8235,  0.2350,
         0.2300,  0.5153,  0.4771,  0.1321,  0.7723,  0.4310,  0.7715,  0.3184,
        -0.2176,  0.0156,  0.3592,  0.1792, -0.2774,  0.4604,  0.6340,  0.2570,
         0.2022, -0.0389,  0.2413,  0.0397,  0.0655, -0.0550, -0.1350, -0.1213,
         0.0493,  0.4722,  0.0670, -0.3370,  0.4793, -0.3640, -0.1194,  0.5721,
        -0.8719,  0.5363,  0.4970,  0.2669,  0.4623,  0.0527, -0.0977,  0.3812,
        -0.3810,  0.0362,  0.2479,  0.3726,  0.5287,  0.3522, -0.0880,  0.3116,
        -0.5229, -0.2275,  0.2676,  0.2864,  0.3124,  0.4276, -0.2531,  0.3212,
         0.3814,  0.4572,  0.7533,  0.0898,  0.1609,  0.1126,  0.2626, -0.1466,
         0.3756, -0.3030,  0.4101,  0.4813,  0.5919,  0.5197,  0.1859,  0.0562,
         0.1012, -0.0393, -0.6864,  0.5607, -0.2089,  0.4996,  0.2593,  0.4053,
         0.0706, -0.7763,  0.3110,  0.1418, -1.0027,  0.5166, -0.8422,  0.0669,
         0.0482,  0.5566,  0.8682, -0.2614, -0.2512,  0.5905, -0.3849,  0.0589,
         0.1177, -0.8377,  0.0545,  0.0328, -0.5309,  0.1785,  0.0704, -0.1627,
        -0.8792,  0.2053, -0.3185,  0.1472, -0.1721,  0.3208,  0.6912,  0.3363,
         0.1697, -0.8774,  0.4866,  0.3792,  0.0459, -0.3741,  0.2158,  0.6074],
       device='cuda:0')

layer:17 - actor_old.preprocess.ln1.weight:
tensor([1.8756, 1.1713, 1.6765, 1.7864, 1.8385, 1.4606, 1.5020, 1.8210, 1.6676,
        1.7561, 1.6670, 1.7901, 1.7309, 1.6018, 1.9503, 1.6175, 1.1639, 1.6663,
        1.7924, 1.1698, 1.6965, 1.7514, 1.6092, 1.7330, 1.6889, 1.8287, 1.5059,
        1.5342, 1.6497, 1.8463, 1.7367, 1.7588, 1.6242, 1.1730, 1.7310, 1.7533,
        1.7589, 1.6233, 1.6428, 2.5654, 1.6184, 1.2117, 1.7045, 1.5709, 1.6451,
        1.7346, 1.7232, 1.6641, 1.5573, 1.7024, 1.4458, 1.7710, 1.6765, 1.6377,
        1.5721, 1.6969, 1.6750, 1.6848, 1.6083, 1.6965, 1.6961, 1.4937, 1.8056,
        1.6274, 1.1631, 1.5934, 1.8088, 1.7152, 1.6759, 1.7475, 1.6741, 1.5784,
        1.1750, 1.5818, 1.8069, 1.6914, 1.5620, 1.7112, 1.0589, 1.5787, 1.8038,
        1.7622, 1.8683, 1.4360, 1.6718, 1.6925, 1.6744, 1.1260, 1.7124, 1.6977,
        1.4806, 1.5330, 1.0001, 1.8181, 1.6470, 1.6364, 1.1916, 2.0811, 1.6199,
        1.1783, 1.1868, 1.7105, 1.6052, 1.6568, 1.8068, 1.5603, 1.5968, 1.6788,
        1.5904, 1.1917, 1.6565, 1.5597, 1.8577, 1.6863, 1.6662, 1.4959, 1.6849,
        1.8129, 1.6880, 1.6064, 1.8544, 1.6309, 1.6596, 1.7899, 1.1729, 1.4882,
        1.7404, 1.8373, 1.5990, 1.7108, 1.7680, 1.7110, 1.5400, 1.8102, 1.7251,
        1.8539, 1.7128, 1.7423, 1.9973, 1.6917, 1.8343, 1.8536, 1.7456, 1.7322,
        1.6141, 1.8517, 1.6581, 1.5985, 1.5171, 1.6809, 1.8960, 1.7083, 1.6362,
        1.6551, 1.5653, 1.6395, 1.8813, 1.7766, 1.6105, 1.5843, 1.6550, 1.5729,
        1.7504, 1.6359, 1.6417, 1.5018, 1.6843, 1.8342, 1.1008, 1.6492, 1.7591,
        1.5200, 1.7704, 1.5392, 1.5559, 1.4022, 1.6399, 1.4301, 1.9906, 1.7286,
        1.6822, 1.5563, 1.6327, 1.6538, 1.4968, 1.5441, 1.6687, 1.6580, 1.6016,
        1.8891, 1.6934, 1.6763, 1.7248, 1.7443, 1.5851, 1.6757, 1.6573, 1.5855,
        1.6005, 1.6378, 1.6215, 1.7232, 1.8001, 1.7370, 1.6741, 1.5828, 1.5738,
        1.4939, 1.5977, 1.4899, 1.1062, 1.7021, 1.5343, 1.6784, 1.6327, 1.7336,
        1.7123, 1.1498, 1.5571, 1.5564, 1.2876, 1.8155, 1.1678, 1.5573, 1.8127,
        1.7930, 1.7719, 1.6476, 1.6356, 1.8631, 1.5013, 1.6579, 1.7072, 1.1757,
        1.7056, 1.7461, 1.5283, 1.8470, 1.6682, 1.5638, 1.1716, 1.8011, 1.6204,
        1.8432, 1.4933, 1.8228, 1.7205, 1.8187, 1.5998, 1.1532, 1.7137, 1.6061,
        1.5871, 1.5765, 1.6092, 1.8847], device='cuda:0')

layer:18 - actor_old.preprocess.ln1.bias:
tensor([ 0.2519,  0.0323,  0.2492,  0.2638,  0.2264,  0.1999,  0.2393,  0.2366,
         0.1942,  0.2473,  0.2179,  0.2396,  0.1783,  0.2242,  0.2309,  0.2328,
        -0.0796,  0.2187,  0.2187, -0.1144,  0.2085,  0.2538,  0.1489,  0.2755,
         0.2541,  0.1905,  0.2269,  0.1830,  0.2092,  0.2633,  0.0839,  0.2491,
         0.2122, -0.0257,  0.2578,  0.2110,  0.2294,  0.2780,  0.2271,  0.2320,
         0.1606, -0.1416,  0.2212,  0.1763,  0.1967,  0.1676,  0.1734,  0.2560,
         0.1537,  0.1982,  0.1566,  0.2555,  0.2611,  0.2297,  0.2101,  0.2166,
         0.1505,  0.2313,  0.1561,  0.2726,  0.2777,  0.1719,  0.2567,  0.2234,
        -0.0813,  0.2200,  0.1979,  0.2324,  0.1879,  0.2882,  0.2015,  0.2014,
        -0.0960,  0.1875,  0.2438,  0.1371,  0.1411,  0.1978,  0.0287,  0.2047,
         0.1805,  0.2377,  0.2201,  0.1861,  0.1823,  0.2503,  0.2254,  0.1413,
         0.1835,  0.2132,  0.1375,  0.1169,  0.0739,  0.2644,  0.2315,  0.1801,
        -0.0349,  0.2449,  0.1918,  0.0502,  0.0190,  0.2186,  0.1877,  0.2956,
         0.2437,  0.1831,  0.1813,  0.1957,  0.2151, -0.0160,  0.1662,  0.2233,
         0.2674,  0.2669,  0.2530,  0.1894,  0.2278,  0.2382,  0.2706,  0.2555,
         0.2381,  0.2817,  0.2200,  0.2151, -0.0029,  0.1985,  0.1162,  0.2732,
         0.2119,  0.2230,  0.2450,  0.1521,  0.1645,  0.2439,  0.2432,  0.1985,
         0.1996,  0.2388,  0.2469,  0.1692,  0.2717,  0.2041,  0.2812,  0.2397,
         0.1939,  0.1953,  0.1951,  0.2411,  0.1678,  0.2273,  0.2817,  0.2315,
         0.2633,  0.1717,  0.2150,  0.1176,  0.1808,  0.2005,  0.1900,  0.1648,
         0.2236,  0.2121,  0.2689,  0.1616,  0.1898,  0.1613,  0.2261,  0.2671,
         0.0245,  0.1902,  0.2398,  0.2113,  0.2572,  0.2276,  0.2019,  0.2400,
         0.1879,  0.2065,  0.1967,  0.2159,  0.2865,  0.1918,  0.1360,  0.1753,
         0.1310,  0.1667,  0.1689,  0.2161,  0.2616,  0.2331,  0.1566,  0.2607,
         0.2472,  0.2380,  0.2899,  0.2230,  0.2291,  0.1925,  0.2084,  0.2218,
         0.2418,  0.1938,  0.2166,  0.2247,  0.2548,  0.2453,  0.1728,  0.1568,
         0.1887,  0.2238,  0.0462,  0.2079,  0.2055,  0.2320,  0.2278,  0.2432,
         0.2355, -0.0305,  0.2127,  0.1789, -0.1853,  0.2243, -0.0753,  0.1976,
         0.2038,  0.2769,  0.3084,  0.0868,  0.2099,  0.2264,  0.1074,  0.1554,
         0.2722, -0.0650,  0.2210,  0.1753,  0.1543,  0.2619,  0.2185,  0.1802,
        -0.0013,  0.2502,  0.1946,  0.1508,  0.1972,  0.2313,  0.2118,  0.2766,
         0.2156,  0.0863,  0.2232,  0.2116,  0.1972,  0.1886,  0.2563,  0.2611],
       device='cuda:0')

layer:19 - actor_old.preprocess.fc2.weight:
tensor([[ 0.2886, -0.4066,  0.3446,  ...,  0.1583,  0.2110,  0.3016],
        [ 0.1875, -0.2960,  0.3575,  ...,  0.3741,  0.2461, -0.0639],
        [ 0.1140, -0.2333,  0.2233,  ...,  0.2298,  0.2157, -0.0013],
        ...,
        [-0.0223, -0.2357,  0.1408,  ...,  0.0170,  0.2502,  0.2618],
        [ 0.0684, -0.0862,  0.2456,  ...,  0.3333,  0.4479, -0.1526],
        [ 0.2077, -0.0890,  0.3699,  ...,  0.2050,  0.2913,  0.3559]],
       device='cuda:0')

layer:20 - actor_old.preprocess.fc2.bias:
tensor([0.3031, 0.3160, 0.2953, 0.3008, 0.3144, 0.2870, 0.3320, 0.2361, 0.3383,
        0.2698, 0.2369, 0.2603, 0.2709, 0.3001, 0.2728, 0.3581, 0.2803, 0.2404,
        0.2504, 0.2545, 0.2590, 0.2974, 0.2791, 0.2472, 0.2347, 0.2338, 0.2932,
        0.3457, 0.2971, 0.2796, 0.2393, 0.2750, 0.2962, 0.2570, 0.3008, 0.2458,
        0.3315, 0.3585, 0.2678, 0.2668, 0.2904, 0.2719, 0.2435, 0.3210, 0.2819,
        0.2619, 0.2689, 0.3023, 0.2218, 0.2819, 0.2885, 0.2087, 0.2849, 0.2728,
        0.2333, 0.3346, 0.2834, 0.3123, 0.2525, 0.2548, 0.3064, 0.2681, 0.2854,
        0.2895, 0.2419, 0.2469, 0.2284, 0.2551, 0.2166, 0.2814, 0.2172, 0.2652,
        0.2805, 0.2668, 0.2889, 0.2627, 0.2509, 0.3429, 0.2821, 0.2865, 0.2348,
        0.3132, 0.1933, 0.2021, 0.2202, 0.2662, 0.2678, 0.1967, 0.2971, 0.3132,
        0.2559, 0.2525, 0.3075, 0.2403, 0.2604, 0.2628, 0.2207, 0.2392, 0.2772,
        0.3104, 0.2436, 0.3347, 0.2695, 0.2720, 0.2864, 0.3034, 0.2743, 0.3003,
        0.2781, 0.2857, 0.3000, 0.3105, 0.2079, 0.2762, 0.1911, 0.2695, 0.2339,
        0.2491, 0.3180, 0.2230, 0.2172, 0.2778, 0.3053, 0.2698, 0.2517, 0.2729,
        0.3174, 0.2826, 0.2572, 0.2861, 0.3166, 0.2963, 0.2318, 0.3280, 0.3155,
        0.2427, 0.2690, 0.2697, 0.3120, 0.3372, 0.3238, 0.3291, 0.2447, 0.2724,
        0.2424, 0.2075, 0.2818, 0.2555, 0.2282, 0.2984, 0.3179, 0.2357, 0.3062,
        0.3241, 0.2856, 0.2776, 0.2161, 0.2707, 0.2350, 0.2318, 0.3593, 0.2472,
        0.2966, 0.2947, 0.2572, 0.3353, 0.2181, 0.3068, 0.2837, 0.2223, 0.2984,
        0.2032, 0.3160, 0.3277, 0.2349, 0.2521, 0.2971, 0.2761, 0.1916, 0.2788,
        0.2771, 0.2697, 0.3243, 0.2216, 0.2390, 0.1921, 0.2609, 0.2581, 0.2962,
        0.2988, 0.2918, 0.2903, 0.2984, 0.2472, 0.2427, 0.3586, 0.2269, 0.2365,
        0.2916, 0.2859, 0.2453, 0.2897, 0.2399, 0.3377, 0.2675, 0.2798, 0.2800,
        0.2894, 0.1993, 0.3034, 0.2530, 0.2441, 0.2045, 0.2271, 0.2472, 0.2890,
        0.2276, 0.2200, 0.1981, 0.2750, 0.3137, 0.2642, 0.2973, 0.2628, 0.2714,
        0.2839, 0.2542, 0.3445, 0.3711, 0.1849, 0.2737, 0.2448, 0.2790, 0.2199,
        0.3053, 0.2411, 0.2969, 0.2020, 0.2832, 0.2634, 0.3045, 0.2328, 0.1824,
        0.2758, 0.2570, 0.3373, 0.2125, 0.2631, 0.3675, 0.2857, 0.3433, 0.3334,
        0.2082, 0.2663, 0.2504, 0.2791], device='cuda:0')

layer:21 - actor_old.preprocess.ln2.weight:
tensor([2.1581, 2.2587, 2.2204, 2.0025, 2.2869, 2.1051, 2.2965, 1.9121, 1.6253,
        2.3936, 1.8766, 2.0581, 2.3169, 2.1442, 2.0622, 2.3536, 2.2169, 2.1937,
        2.2226, 2.1030, 2.0317, 1.7935, 1.1859, 2.0957, 2.2336, 1.2485, 2.1059,
        2.3712, 2.1659, 1.4728, 2.2172, 2.1493, 2.2953, 2.1601, 2.0976, 1.2986,
        2.3374, 1.9505, 2.0115, 2.1994, 2.0035, 2.3762, 2.0143, 2.3471, 1.3281,
        2.1627, 1.7809, 2.5392, 1.2624, 2.1857, 1.4423, 1.2356, 2.0298, 2.2357,
        1.2604, 1.3228, 2.2416, 1.1868, 1.6496, 2.5062, 3.3785, 2.5180, 2.0757,
        2.0888, 2.5346, 2.5200, 2.2437, 2.3835, 2.3805, 2.3822, 2.2133, 2.1852,
        2.1946, 2.0069, 1.8886, 2.1354, 1.2682, 1.8269, 2.3234, 1.3302, 2.2813,
        2.3403, 2.7058, 2.3802, 2.2805, 1.7012, 2.4169, 1.9074, 2.3352, 1.8490,
        2.3380, 2.0720, 2.1782, 2.0265, 2.1617, 2.0152, 2.6320, 2.0866, 2.0561,
        2.2982, 2.1488, 2.0950, 2.5049, 2.2407, 2.4858, 1.6195, 1.6391, 2.6513,
        2.2749, 2.3135, 2.2988, 2.1242, 2.5547, 2.3167, 1.9826, 2.0674, 2.3464,
        1.8862, 2.0611, 1.9959, 2.3181, 2.1934, 2.0423, 2.0977, 2.3047, 1.8730,
        2.2613, 1.5432, 2.0321, 2.1251, 1.8902, 1.8305, 2.0964, 2.2150, 2.4642,
        1.7801, 1.9307, 2.1018, 2.5941, 2.1447, 2.1755, 2.3130, 2.3454, 2.2455,
        1.2956, 1.5188, 2.3787, 2.1171, 1.2704, 2.3620, 1.9899, 1.8968, 2.1267,
        1.4047, 2.1231, 2.4700, 1.7099, 2.2054, 1.3092, 1.3053, 2.3670, 2.1634,
        2.0527, 1.8552, 2.2785, 1.6980, 1.1260, 2.3128, 2.3002, 2.3978, 2.4055,
        1.8303, 2.0011, 2.2422, 1.3626, 2.6517, 1.6855, 2.1164, 2.2914, 2.3233,
        2.0507, 1.6746, 2.2699, 2.0749, 2.1298, 1.8472, 2.4499, 2.2893, 2.2065,
        2.3957, 1.9984, 2.3301, 2.3400, 2.2967, 2.3407, 2.0293, 1.9987, 2.2625,
        2.9207, 2.0338, 2.1803, 2.2374, 2.3007, 2.0642, 2.1533, 2.3529, 2.3349,
        2.4761, 2.2111, 2.5744, 2.2478, 1.9752, 1.8221, 2.4261, 2.0457, 2.3141,
        2.4686, 2.3145, 2.4244, 2.1717, 2.2728, 2.2568, 2.0827, 2.3081, 1.7604,
        2.3638, 1.3785, 2.5538, 2.1072, 1.3373, 2.1709, 2.0423, 2.2235, 2.5530,
        2.2229, 2.0388, 1.8794, 2.1474, 2.3577, 2.2610, 2.3175, 2.2571, 1.1620,
        2.1362, 1.4486, 2.1958, 1.8050, 2.2851, 2.1313, 2.0222, 2.2434, 2.3166,
        2.1959, 2.0905, 2.1671, 2.1823], device='cuda:0')

layer:22 - actor_old.preprocess.ln2.bias:
tensor([0.9318, 0.9020, 1.0137, 0.9405, 0.9531, 0.8945, 1.0556, 0.9460, 1.0823,
        0.9439, 1.0163, 1.0125, 0.9137, 1.0294, 0.8522, 0.9830, 0.9261, 0.9504,
        1.0236, 0.9437, 0.8963, 1.0484, 0.6359, 0.9163, 0.9111, 0.7513, 1.0021,
        1.0540, 0.9466, 0.8425, 0.9053, 0.9600, 0.9743, 1.0409, 0.9995, 0.6992,
        0.8529, 0.9355, 0.9050, 0.8995, 1.0268, 0.8852, 0.9065, 0.8983, 0.7567,
        0.8404, 0.9390, 0.9521, 0.6732, 0.9085, 0.9286, 0.8722, 1.0143, 1.0219,
        0.6416, 0.6844, 0.9209, 0.7614, 0.7248, 1.0025, 1.0034, 0.8976, 1.0250,
        0.8634, 0.9985, 0.9880, 0.9044, 0.9541, 0.8765, 1.0493, 0.9863, 0.9278,
        0.8638, 0.9844, 0.9908, 0.9039, 0.5951, 1.0111, 0.9303, 1.0647, 0.9802,
        0.8926, 0.9437, 0.7979, 0.9328, 1.0439, 1.0041, 0.8413, 0.9549, 0.8312,
        0.9150, 0.9648, 0.9375, 1.0161, 0.9181, 0.9153, 0.9007, 0.9238, 0.9390,
        0.9101, 1.0353, 0.9333, 0.9210, 0.9480, 0.9081, 1.0386, 0.9380, 0.2050,
        0.8811, 0.9934, 0.9120, 0.8990, 0.3784, 0.9024, 0.8893, 0.9476, 1.0822,
        0.9777, 0.9946, 1.0156, 0.7900, 0.9732, 1.0188, 0.9329, 0.9006, 0.9190,
        0.8850, 1.0808, 0.9553, 0.9902, 1.0568, 0.8914, 0.9537, 0.9513, 1.0158,
        0.9763, 0.9508, 0.9851, 0.9814, 1.0570, 1.0039, 1.0215, 0.9732, 0.9562,
        0.6755, 0.7817, 0.9225, 0.9566, 0.5873, 0.9577, 1.0470, 0.9902, 0.9895,
        0.5201, 0.9286, 0.9941, 0.9058, 0.9557, 0.6755, 0.5650, 0.9987, 0.9469,
        1.0208, 0.9311, 0.8927, 1.0243, 1.0848, 0.9600, 0.9366, 0.9079, 0.9272,
        0.9292, 0.9469, 0.9400, 0.5403, 0.5709, 0.9657, 0.9364, 0.8227, 1.0048,
        1.0051, 0.9396, 0.8808, 0.8610, 0.9197, 0.9837, 0.9726, 0.8499, 1.0623,
        0.9110, 0.9376, 1.0049, 0.9237, 0.9180, 0.8940, 0.9748, 0.8855, 0.9109,
        0.9122, 0.9132, 0.9987, 0.9049, 0.9801, 0.9336, 0.9485, 0.9337, 0.8893,
        0.8972, 0.9164, 1.0595, 0.8495, 0.9480, 0.8975, 1.0008, 0.9650, 1.0999,
        1.0452, 0.8904, 0.9284, 0.8917, 0.9993, 0.9899, 0.9384, 0.9000, 1.0271,
        0.9297, 0.5433, 0.8997, 1.0894, 0.4874, 0.9812, 0.9210, 0.9523, 0.9296,
        0.9378, 0.9406, 1.0329, 0.9561, 0.9401, 0.8757, 0.9716, 0.9607, 0.6246,
        0.9553, 0.6162, 0.8903, 0.9957, 1.0669, 0.9168, 1.0143, 0.9259, 0.9703,
        0.9452, 0.9638, 0.9472, 0.9651], device='cuda:0')

layer:23 - actor_old.preprocess.fc3.weight:
tensor([[0.5276, 0.1276, 0.1179,  ..., 0.0231, 0.1209, 0.1621],
        [0.2500, 0.4315, 0.1324,  ..., 0.1497, 0.3511, 0.2780],
        [0.1151, 0.3340, 0.1645,  ..., 0.2919, 0.2163, 0.2674],
        ...,
        [0.2076, 0.0480, 0.2953,  ..., 0.4289, 0.2381, 0.4167],
        [0.3508, 0.2029, 0.2663,  ..., 0.2224, 0.3628, 0.1882],
        [0.2430, 0.3746, 0.2469,  ..., 0.1477, 0.2630, 0.5655]],
       device='cuda:0')

layer:24 - actor_old.preprocess.fc3.bias:
tensor([0.2903, 0.3214, 0.2765, 0.2827, 0.2819, 0.2314, 0.2888, 0.2415, 0.3225,
        0.2366, 0.2778, 0.2234, 0.2925, 0.2899, 0.2616, 0.2602, 0.2393, 0.2326,
        0.2903, 0.2654, 0.2962, 0.2765, 0.2956, 0.2785, 0.2642, 0.3149, 0.3097,
        0.2837, 0.3248, 0.3233, 0.2806, 0.3113, 0.2801, 0.3068, 0.2594, 0.2674,
        0.3333, 0.2966, 0.2839, 0.2513, 0.3141, 0.3503, 0.2714, 0.2746, 0.2628,
        0.2544, 0.2856, 0.2547, 0.2923, 0.3167, 0.2560, 0.2129, 0.2877, 0.3076,
        0.3157, 0.3358, 0.3174, 0.3150, 0.2954, 0.2447, 0.3207, 0.2652, 0.2583,
        0.2831, 0.3097, 0.2600, 0.2601, 0.2625, 0.2291, 0.2467, 0.2629, 0.2858,
        0.2755, 0.3129, 0.2757, 0.2829, 0.2590, 0.2261, 0.2922, 0.3085, 0.2512,
        0.2839, 0.2716, 0.3555, 0.2430, 0.2950, 0.3044, 0.2739, 0.2805, 0.2159,
        0.2414, 0.2913, 0.2841, 0.3387, 0.2833, 0.2615, 0.2327, 0.1929, 0.2711,
        0.2648, 0.3118, 0.2738, 0.2226, 0.2721, 0.3468, 0.2984, 0.2841, 0.2811,
        0.3191, 0.3293, 0.2852, 0.3252, 0.2697, 0.2689, 0.2544, 0.3154, 0.3038,
        0.2481, 0.3307, 0.3069, 0.2457, 0.2454, 0.2907, 0.2373, 0.2203, 0.2717,
        0.2896, 0.2922, 0.2271, 0.2531, 0.3315, 0.2879, 0.2697, 0.3015, 0.2507,
        0.2318, 0.2147, 0.3049, 0.3149, 0.2411, 0.3171, 0.3015, 0.3017, 0.2908,
        0.3038, 0.2563, 0.2938, 0.2568, 0.2751, 0.2597, 0.2594, 0.2718, 0.2878,
        0.3121, 0.3118, 0.2847, 0.2766, 0.2685, 0.3056, 0.2576, 0.3141, 0.2754,
        0.2938, 0.2848, 0.2697, 0.2795, 0.2382, 0.3255, 0.2902, 0.2548, 0.2818,
        0.2802, 0.2941, 0.2672, 0.3349, 0.3016, 0.2946, 0.2445, 0.2957, 0.2885,
        0.3433, 0.3166, 0.3103, 0.2641, 0.2747, 0.2877, 0.3349, 0.2716, 0.2864,
        0.2219, 0.2726, 0.2652, 0.2991, 0.2857, 0.3023, 0.2488, 0.2211, 0.2167,
        0.2572, 0.3247, 0.3145, 0.2872, 0.2734, 0.2913, 0.3156, 0.2853, 0.2566,
        0.3120, 0.2629, 0.3109, 0.2414, 0.2999, 0.2637, 0.2234, 0.2766, 0.2944,
        0.2695, 0.2679, 0.3152, 0.2433, 0.2651, 0.3039, 0.2741, 0.2937, 0.3185,
        0.2686, 0.2713, 0.2853, 0.2870, 0.2903, 0.2801, 0.2980, 0.2405, 0.2605,
        0.2636, 0.2485, 0.2409, 0.2970, 0.2717, 0.2493, 0.2976, 0.2706, 0.2332,
        0.2756, 0.2932, 0.2624, 0.2891, 0.2988, 0.2764, 0.2364, 0.2477, 0.3106,
        0.3096, 0.2574, 0.2505, 0.2903], device='cuda:0')

layer:25 - actor_old.preprocess.ln3.weight:
tensor([2.2027, 2.1608, 1.5608, 2.0446, 2.1181, 2.0218, 2.2259, 1.9008, 2.1380,
        2.4000, 2.2273, 1.6840, 1.9277, 2.0487, 1.9622, 2.4013, 2.3613, 1.8182,
        2.1655, 2.0728, 1.9575, 1.8408, 2.1039, 2.1654, 2.1405, 2.4908, 2.2923,
        2.2751, 2.3618, 2.6694, 1.7798, 2.0493, 2.1895, 3.3542, 2.5284, 2.4874,
        1.9313, 2.0867, 2.1743, 1.8473, 2.1152, 2.3041, 2.0632, 2.3659, 2.6326,
        2.2213, 1.8789, 2.1062, 2.5543, 1.9240, 2.2074, 2.0483, 1.9230, 2.4057,
        2.4002, 2.5486, 2.2667, 2.2308, 2.2520, 2.4533, 2.5459, 2.0360, 1.9635,
        2.3103, 2.0672, 2.4208, 1.7894, 2.2747, 1.7219, 2.2260, 1.7200, 2.1187,
        2.3189, 2.3410, 2.3033, 2.2080, 2.4639, 2.1489, 1.8724, 2.4476, 2.3130,
        1.7584, 2.1256, 1.9230, 2.0608, 2.0859, 2.4002, 2.1380, 1.9433, 2.0568,
        1.9856, 2.2491, 2.1456, 2.2947, 2.5849, 2.1623, 2.0696, 1.9334, 1.8374,
        1.7263, 2.5442, 1.9115, 2.2963, 2.4283, 1.9688, 2.0925, 2.1247, 2.3997,
        2.1370, 1.8951, 1.7452, 1.9541, 2.1516, 2.2726, 1.9471, 2.2765, 2.1956,
        2.3189, 1.8366, 2.5421, 2.0996, 2.1291, 1.6242, 2.3340, 2.2606, 2.1119,
        2.1239, 2.4784, 2.3686, 2.0152, 2.4022, 2.0567, 2.2807, 2.4312, 2.1145,
        1.9657, 2.2482, 1.7387, 2.1993, 2.1685, 2.0472, 2.5398, 2.2705, 1.9280,
        2.1458, 2.5008, 2.3015, 2.2477, 2.5036, 1.9764, 2.0548, 1.8408, 1.9268,
        2.6189, 1.7393, 2.3489, 1.9417, 1.9725, 2.2917, 2.2596, 2.1638, 2.4992,
        1.7706, 2.0639, 2.5065, 2.2924, 1.9334, 2.2761, 2.0244, 2.0064, 1.9416,
        1.8858, 2.0148, 2.0988, 2.2420, 2.0505, 1.5628, 2.2151, 2.1764, 1.7341,
        2.2071, 1.6235, 1.6484, 2.1944, 1.6791, 2.2695, 2.1743, 1.6670, 2.6402,
        1.4108, 1.7806, 2.4939, 2.4136, 2.0233, 2.3561, 2.2021, 2.1845, 1.6938,
        2.4146, 2.1276, 2.3117, 2.2059, 2.5522, 1.7410, 2.1261, 2.2126, 2.4380,
        2.2540, 2.0769, 2.5175, 2.1764, 1.5459, 2.1595, 2.0474, 2.2438, 2.4076,
        1.8058, 1.9647, 2.3040, 2.0244, 2.5904, 1.7481, 2.1773, 2.5406, 1.9610,
        2.0656, 2.6312, 2.3707, 2.1989, 2.2678, 2.6002, 2.1177, 1.8437, 2.3552,
        2.0766, 2.1013, 2.4377, 1.9804, 1.9089, 2.4341, 2.0484, 2.1060, 2.0495,
        2.2502, 2.3652, 2.1632, 2.0918, 2.3947, 2.1226, 2.1007, 1.6743, 1.7157,
        2.3518, 2.0276, 1.7255, 1.9921], device='cuda:0')

layer:26 - actor_old.preprocess.ln3.bias:
tensor([1.0274, 1.0852, 0.7788, 1.0535, 1.1627, 0.9964, 1.1482, 0.9518, 1.1159,
        1.1742, 1.1140, 1.0721, 1.1688, 1.1608, 1.0507, 1.2175, 1.0773, 1.0256,
        1.1443, 1.0684, 1.0405, 1.1931, 1.0503, 1.1229, 1.0703, 1.0804, 1.1255,
        1.2223, 1.0813, 1.1646, 1.0673, 1.1400, 1.1101, 1.0651, 1.0932, 1.0749,
        1.1431, 0.9294, 1.0924, 1.0395, 1.1252, 1.0775, 0.9688, 0.9803, 1.1361,
        0.9938, 0.9218, 1.1090, 1.0694, 0.9327, 1.1214, 0.9077, 1.1241, 1.2252,
        0.9829, 1.0994, 1.1720, 1.0197, 0.9601, 1.1605, 1.2314, 1.1017, 1.1406,
        1.0253, 1.0701, 1.1715, 1.0247, 1.0146, 1.0854, 1.1009, 0.9643, 1.0978,
        0.8792, 1.1807, 1.0913, 1.1111, 0.9605, 1.0547, 1.0889, 1.1289, 1.1511,
        0.9870, 1.1573, 0.9218, 1.0969, 1.1370, 1.2577, 1.0595, 1.1748, 1.0356,
        1.0489, 1.0606, 0.9812, 1.1316, 1.1221, 1.0177, 1.0290, 1.0621, 0.7447,
        1.0246, 1.2366, 1.0404, 1.1012, 1.1558, 1.0687, 1.0557, 1.0817, 1.0685,
        0.8868, 1.1319, 0.9835, 1.1171, 1.1320, 1.1120, 0.8376, 1.0567, 1.2041,
        1.0715, 1.2132, 1.1924, 1.1193, 1.1386, 1.1592, 0.9915, 1.0953, 1.1183,
        0.8920, 1.1438, 1.0373, 1.1212, 1.1880, 1.0691, 1.1807, 1.1643, 1.1725,
        1.0972, 0.8827, 1.0449, 1.1476, 0.9996, 1.0035, 1.1665, 1.1419, 1.1587,
        1.2056, 1.0595, 1.1266, 1.1409, 1.1112, 0.7854, 1.2044, 1.1871, 1.0848,
        1.1605, 1.1107, 1.0970, 1.0722, 0.9181, 0.8762, 0.8088, 1.1319, 1.0381,
        1.1642, 1.1448, 1.1350, 1.0711, 1.0864, 1.2222, 1.1071, 1.0598, 1.0777,
        1.1249, 1.1336, 1.0763, 1.1603, 1.0812, 0.9319, 1.0284, 1.0716, 1.1478,
        1.1852, 0.8977, 1.1167, 0.9968, 1.1483, 1.0823, 1.1431, 1.1534, 1.1805,
        0.6541, 1.1204, 1.1819, 1.1071, 1.0221, 1.0372, 1.0784, 1.0513, 1.0273,
        0.7764, 1.0705, 1.1870, 1.0683, 1.1298, 1.0319, 1.1326, 0.8298, 1.1013,
        0.8926, 1.0373, 1.2649, 1.0571, 0.9544, 1.1488, 1.0070, 1.1110, 1.0830,
        1.2173, 0.8573, 1.0670, 1.0827, 1.2263, 1.1071, 1.0653, 1.0196, 0.9432,
        1.1716, 1.1005, 1.0767, 1.2527, 1.1123, 1.1580, 1.0006, 1.0307, 1.0971,
        1.0981, 1.1001, 1.0013, 1.1641, 0.9953, 1.0583, 1.1297, 1.0642, 1.0295,
        1.0864, 1.0355, 1.0698, 1.0790, 1.2561, 1.0419, 1.1571, 0.6949, 1.0607,
        1.1700, 1.1201, 1.0715, 1.1711], device='cuda:0')

layer:27 - actor_old.last.model.0.weight:
tensor([[-0.1329, -0.0689,  0.0686,  ..., -0.1156,  0.1315, -0.0193],
        [-0.0590, -0.2795, -0.1176,  ...,  0.2917, -0.3175,  0.0813],
        [-0.1299,  0.1195, -0.1537,  ..., -0.1799, -0.0750, -0.2046],
        ...,
        [-0.0694, -0.1381,  0.0690,  ..., -0.3276, -0.2481, -0.2904],
        [ 0.0008, -0.0677,  0.0523,  ..., -0.2663,  0.3108,  0.0090],
        [ 0.0957,  0.0557, -0.0947,  ..., -0.0252, -0.0093, -0.0861]],
       device='cuda:0')

layer:28 - actor_old.last.model.0.bias:
tensor([-0.0028,  0.0635,  0.0374, -0.0049,  0.0011, -0.0443, -0.0210, -0.0681,
        -0.0370,  0.0396, -0.0353,  0.0239, -0.0194,  0.0082,  0.0003,  0.0462,
        -0.0150, -0.0115, -0.0311,  0.0350, -0.0255,  0.0085, -0.0028, -0.0070,
         0.0478, -0.0083, -0.0426,  0.0119, -0.0087, -0.0326, -0.0191, -0.0239,
        -0.0303, -0.0117, -0.0101, -0.0152, -0.0212, -0.0198, -0.0004, -0.0595,
        -0.0135, -0.0423,  0.0185,  0.0495,  0.0132,  0.0233, -0.0041,  0.0260,
        -0.0237, -0.0096, -0.0235, -0.0097, -0.0193, -0.0047, -0.0270, -0.0131,
        -0.0101,  0.0022, -0.0405,  0.0200,  0.0096, -0.0296,  0.0528,  0.0243,
         0.0107, -0.0010, -0.0127,  0.0009, -0.0198, -0.0159, -0.0138, -0.0180,
         0.0355,  0.0313,  0.0451, -0.0469, -0.0102, -0.0260, -0.0114,  0.0333,
        -0.0191, -0.0460,  0.0031, -0.0035,  0.0143, -0.0339,  0.0019,  0.0225,
         0.0258, -0.0510, -0.0264, -0.0298, -0.0197,  0.0107,  0.0022,  0.0247,
         0.0035, -0.0550, -0.0101, -0.0067,  0.0112,  0.0232, -0.0603,  0.0700,
        -0.0146,  0.0411, -0.0344, -0.0322, -0.0419,  0.0214,  0.0563, -0.0075,
         0.0257,  0.0327,  0.0056, -0.0069,  0.0098, -0.0195, -0.0316, -0.0093,
        -0.0192, -0.0083, -0.0059,  0.0152, -0.0036,  0.0238, -0.0019, -0.0029,
         0.0303,  0.0389,  0.0029, -0.0771, -0.0419, -0.0562, -0.0113,  0.0318,
         0.0225, -0.0414, -0.0878,  0.0002, -0.0168,  0.0217], device='cuda:0')

layer:29 - critic1.preprocess.model.model.0.weight:
tensor([[-0.3686, -0.1596,  0.3189,  ..., -0.0724, -0.0507, -0.0641],
        [-0.1290, -0.2559, -0.3010,  ..., -0.0760,  0.0231, -0.2248],
        [ 0.3502,  0.2254,  0.5884,  ..., -0.0245,  0.2419,  0.0596],
        ...,
        [ 0.3228,  0.0286, -0.1948,  ...,  0.0303,  0.0926, -0.0303],
        [-1.4728, -0.1860,  0.3478,  ..., -0.0389, -0.0073, -0.0361],
        [-0.1004, -0.2719,  0.3975,  ...,  0.0352,  0.0015, -0.0131]],
       device='cuda:0')

layer:30 - critic1.preprocess.model.model.0.bias:
tensor([-0.5941, -0.3608, -0.3308, -0.2017, -0.7824, -0.3226, -0.4240, -0.5881,
         0.2794, -0.7687,  0.3536,  0.1573, -0.9669, -0.3280, -0.5165, -0.4892,
        -0.2191,  0.0326, -0.2324, -0.8597, -0.5395,  0.0614,  0.2931, -0.1075,
        -0.7024,  0.3150, -0.1790, -0.6048,  0.3584,  0.1859,  0.0876, -0.4093,
         0.1196, -0.3328, -0.2683, -0.7528, -0.2351, -0.8302,  0.0215, -0.3948,
        -0.7885, -0.5275, -0.7696, -0.6310,  0.0713, -0.1972, -0.6133,  0.4924,
         0.3047, -0.5206, -0.7789, -0.1875, -0.5211,  0.4129, -0.6968, -0.7145,
        -0.7418, -0.1187, -0.6217, -0.6040, -0.4451,  0.3098, -0.0274, -0.3028,
        -0.6975, -0.1344, -0.7622,  0.4398, -0.5550, -0.1034, -0.3535, -0.3138,
        -0.4730,  0.4030, -0.2691,  0.1641,  0.2119, -0.5567, -0.7011,  0.1926,
        -0.7322,  0.4926,  0.3513,  0.0682, -0.7233, -0.1571,  0.4034, -0.6242,
        -0.4431,  0.1156, -0.9656, -1.0136, -0.3682, -0.3443,  0.2019,  0.3762,
        -0.6161, -0.1440, -0.0445, -0.4893, -0.3069,  0.4270, -0.7659,  0.1157,
        -0.8983, -1.0212, -0.3219, -0.6782, -0.5888, -0.6887,  0.3509, -0.2494,
        -0.4812,  0.0690, -0.2419,  0.2675,  0.1095, -0.3084, -0.6141, -0.2957,
        -0.4602, -0.3742,  0.0345, -1.0111, -0.0578,  0.0412, -0.3286, -0.4047,
         0.0143, -0.5845, -0.1334, -0.5913, -0.8686,  0.4771, -0.5799, -0.4174,
         0.3545, -0.3959, -0.7783,  0.1476, -0.4311, -0.2595,  0.3961, -0.3412,
        -0.1654, -0.0848, -0.9421, -0.6955,  0.3104, -0.8523, -0.3983,  0.2869,
        -0.7793, -0.2916,  0.4995,  0.7635, -0.1039, -0.6871,  0.1427, -0.3937,
        -0.5011,  0.4251, -0.8713,  0.5230, -0.4595, -0.9703, -0.5652, -0.4335,
        -0.4295,  0.3058,  0.4067, -0.2312, -0.2989, -0.4328, -0.0664,  0.2249,
        -0.6901, -0.3910, -0.2436, -0.6328, -0.8095,  0.7322, -0.1177, -0.1189,
         0.3031,  0.1727, -0.0301, -0.0286,  0.8345,  0.6128,  0.0053, -0.6183,
         0.4245, -0.8941, -0.8053, -0.7575,  0.5980, -0.2564, -0.7296,  0.3792,
        -0.3315,  0.3858, -0.1554, -0.6627,  0.6850, -0.2162, -0.7960, -0.5621,
        -0.5359, -0.5620, -0.4653,  0.3163,  0.2257, -0.2848, -0.7769, -0.0414,
         0.1529, -0.4316, -0.7657,  0.1402, -0.4542, -0.3660, -0.6744,  0.5026,
        -0.1920, -0.7612, -0.2795,  0.4413,  0.1887, -0.5356, -0.8865, -0.2651,
        -0.8018, -0.8715, -0.6879, -0.1634, -1.0244, -0.3434,  0.2711, -0.7259,
        -0.0302, -0.7573, -1.2003, -0.1677, -0.2382, -0.1575,  0.2713,  0.1497,
        -0.2962, -0.5884,  0.4325, -0.5860, -0.4392,  0.4316, -0.5300, -1.1181],
       device='cuda:0')

layer:31 - critic1.preprocess.model.model.2.weight:
tensor([[-1.1133, -0.0071,  0.1600,  ..., -0.0075,  0.3631, -1.5113],
        [-1.1613,  0.0332,  0.1826,  ..., -0.0199,  0.3402, -1.5350],
        [-1.1301,  0.0077,  0.1051,  ...,  0.0078,  0.2884, -1.5251],
        ...,
        [ 1.7295,  0.1218, -0.0413,  ..., -0.0511, -0.1928,  2.0725],
        [ 1.6199,  0.2865,  0.3236,  ..., -0.2348,  0.4857,  2.1688],
        [ 1.2223, -0.1873, -0.2441,  ..., -0.0314, -0.4369,  1.9116]],
       device='cuda:0')

layer:32 - critic1.preprocess.model.model.2.bias:
tensor([ 0.1275,  0.0996,  0.1490,  0.1289, -0.2109,  0.2140,  0.3453, -0.1410,
         0.1214, -0.2277, -0.1765, -0.1167, -0.0732,  0.1354,  0.1559,  0.1480,
         0.1234, -0.1379, -0.1618,  0.1647,  0.1323,  0.1718,  0.1933, -0.1994,
         0.1875,  0.1351,  0.2222,  0.1277,  0.2144, -0.1384,  0.1024,  0.1937,
         0.1279,  0.2731,  0.1087, -0.0366, -0.0420,  0.1993,  0.1268,  0.1979,
         0.1789, -0.1138,  0.0237, -0.0982,  0.1831, -0.1818,  0.1387, -0.0432,
        -0.0017, -0.0168,  0.1699,  0.1743, -0.1193,  0.1421,  0.1742,  0.0113,
         0.2055, -0.0770, -0.1072, -0.2203, -0.0917,  0.1345,  0.2135,  0.3842,
         0.1270,  0.1378, -0.1107, -0.1342,  0.1364, -0.1758, -0.1290,  0.1483,
        -0.0682, -0.1536,  0.0454, -0.1431, -0.0389,  0.1289, -0.1513, -0.0942,
         0.1562, -0.1445,  0.1531,  0.2002,  0.3378,  0.2070, -0.0484,  0.1497,
         0.1708,  0.1710, -0.0925,  0.0581,  0.1626,  0.1838,  0.1971,  0.2251,
         0.1755,  0.2525,  0.1775,  0.2148,  0.1320,  0.1782, -0.0691, -0.1711,
         0.0280,  0.1714, -0.1455,  0.1795,  0.1452, -0.0667,  0.1358,  0.2001,
        -0.1510,  0.1182,  0.1355,  0.1567, -0.0459,  0.1797, -0.1436,  0.1239,
         0.1915, -0.1420, -0.1256,  0.1802, -0.0420, -0.1433, -0.1282,  0.1072,
         0.1866, -0.1065, -0.0727, -0.1061, -0.0617, -0.0863, -0.0630,  0.1261,
        -0.0641,  0.2346,  0.1968, -0.1266, -0.0821,  0.2292, -0.1703,  0.1459,
        -0.1503, -0.0706,  0.1054, -0.0978,  0.1360, -0.0642,  0.2171,  0.2179,
         0.1521, -0.1367,  0.3115, -0.2326,  0.1379,  0.2960,  0.2019, -0.1179,
         0.2158, -0.1194,  0.1771,  0.1481, -0.0888, -0.0777,  0.1067, -0.0444,
         0.2192, -0.0603, -0.1238, -0.0763,  0.1171,  0.1584, -0.1762, -0.1693,
         0.1617, -0.1796,  0.1564,  0.1880,  0.1521, -0.1291,  0.1107, -0.1119,
         0.1557,  0.1642, -0.1704, -0.0930,  0.1377,  0.0957,  0.1953, -0.2106,
        -0.0940, -0.0492,  0.1564, -0.2117,  0.2077,  0.1971,  0.1900, -0.0294,
         0.3416, -0.1349,  0.2217, -0.0982,  0.1299,  0.0022, -0.1177, -0.1146,
        -0.1406, -0.1570,  0.1869, -0.1533, -0.0571, -0.1124,  0.2149, -0.0541,
         0.2227,  0.1679,  0.4287,  0.2302, -0.2504,  0.1903, -0.2764, -0.2006,
         0.2286,  0.2112,  0.0010,  0.1697,  0.1984,  0.0449, -0.0263,  0.1493,
        -0.0792,  0.2060, -0.1298,  0.1595,  0.1423,  0.1694,  0.1934,  0.1630,
        -0.1387,  0.1893,  0.0190, -0.0733,  0.2043,  0.1148,  0.3026, -0.1873,
         0.3397, -0.2080,  0.1892,  0.1965,  0.1107, -0.2297, -0.2947,  0.0155],
       device='cuda:0')

layer:33 - critic1.last.model.0.weight:
tensor([[-0.0920, -0.1107, -0.0890, -0.1032,  0.1181,  2.2494,  0.9457,  0.2314,
         -0.0981,  0.2270,  0.0704,  0.2140,  0.1141, -0.1065, -0.1063, -0.1066,
         -0.0896,  0.0942,  0.1964, -0.1065, -0.1126, -0.1035, -0.1152,  0.0985,
         -0.0882, -0.0968, -0.1030,  1.8552, -0.1227,  0.0572,  1.4530, -0.0725,
         -0.0876,  1.2746, -0.0832,  0.0205,  0.0845, -0.1141, -0.0949, -0.0918,
         -0.1138,  0.1604,  0.6694,  0.0365, -0.1069,  0.0907, -0.0871,  0.0601,
          2.7509,  0.1613,  0.6504, -0.0960,  4.0858, -0.1012, -0.1104,  0.0456,
         -0.0908,  0.0649,  0.0990,  0.1068,  0.1005, -0.1056, -0.0925,  1.3139,
         -0.1071, -0.0798,  0.0671,  0.2765, -0.1142,  0.3144,  0.2805, -0.0852,
          0.0483,  0.0433,  3.7747,  0.1334,  0.0235, -0.0990,  0.3016,  0.0628,
         -0.0899,  0.3068, -0.1131, -0.0784,  0.9104, -0.1047,  0.0969, -0.0869,
         -0.1052, -0.1262,  0.0598,  1.6979, -0.0991, -0.0879, -0.0878, -0.0937,
         -0.1089,  1.2483, -0.1238,  1.6760, -0.1127, -0.0918,  0.0340,  0.0556,
          1.3276, -0.0904, -0.0571, -0.1192, -0.0984,  0.0217, -0.1131, -0.1061,
          0.0954, -0.0952, -0.1013, -0.1118,  0.0709, -0.1190,  4.9794, -0.1150,
          0.8933,  0.1484,  0.0705, -0.0869,  0.0210,  0.0645,  0.0461, -0.0992,
         -0.1025,  0.2611,  0.0919,  0.1723,  0.0505,  0.0173,  0.0990, -0.1015,
          0.0153,  1.2944, -0.0809,  0.0325,  0.5145,  1.3379,  0.1192, -0.0954,
          0.1364,  0.0725, -0.1095,  0.0696, -0.0976,  0.0351, -0.1229, -0.0993,
         -0.1225,  0.1609,  1.1904,  0.2567, -0.0984,  1.1073, -0.0893,  0.0653,
         -0.0860,  0.1360, -0.1019, -0.0885,  0.3787,  0.0150, -0.0988,  0.0437,
         -0.1049,  0.0398,  0.0827,  0.0640, -0.1233, -0.0928,  0.2178,  0.0181,
         -0.1148,  0.4058, -0.1081, -0.0856, -0.1137,  0.4322, -0.1140,  0.0780,
         -0.0841, -0.0826,  0.0885,  0.1263, -0.1161, -0.0968, -0.0798,  0.1797,
          0.2093,  0.0434, -0.0962,  0.3736, -0.1169, -0.1043, -0.1024,  0.0386,
          1.6492,  0.0622, -0.1106,  0.0462, -0.0865,  0.1110,  0.0253,  0.1903,
          0.3392,  0.0752,  0.7836,  0.3182,  0.3137,  0.1442, -0.1082,  0.0906,
         -0.1027, -0.1248,  1.0980, -0.0929,  0.3039, -0.0962,  0.2772,  0.1717,
         -0.0845, -0.0870,  0.0416, -0.0908, -0.0914,  0.9810,  0.0492, -0.1023,
          0.0198, -0.1164,  0.0710, -0.0985, -0.0977, -0.0955, -0.1078, -0.0858,
          0.0623, -0.1081,  0.4977,  0.0985, -0.1108, -0.0922,  1.0369,  0.0773,
          0.9622,  0.0526, -0.1052, -0.1030, -0.0969,  0.4604,  0.4178,  0.5196]],
       device='cuda:0')

layer:34 - critic1.last.model.0.bias:
tensor([-0.1669], device='cuda:0')

layer:35 - critic1_old.preprocess.model.model.0.weight:
tensor([[-3.6796e-01, -1.5987e-01,  3.1902e-01,  ..., -6.9949e-02,
         -5.0435e-02, -6.4114e-02],
        [-1.3014e-01, -2.5782e-01, -3.0078e-01,  ..., -7.5827e-02,
          2.0244e-02, -2.2300e-01],
        [ 3.5042e-01,  2.2506e-01,  5.8823e-01,  ..., -2.2442e-02,
          2.4068e-01,  5.9175e-02],
        ...,
        [ 3.2205e-01,  2.9060e-02, -1.9647e-01,  ...,  3.0631e-02,
          9.3270e-02, -3.0617e-02],
        [-1.4720e+00, -1.8547e-01,  3.4791e-01,  ..., -3.7657e-02,
         -6.8744e-03, -3.5936e-02],
        [-1.0036e-01, -2.7145e-01,  3.9895e-01,  ...,  3.5442e-02,
         -9.9009e-05, -1.2704e-02]], device='cuda:0')

layer:36 - critic1_old.preprocess.model.model.0.bias:
tensor([-0.5941, -0.3619, -0.3313, -0.2015, -0.7818, -0.3223, -0.4239, -0.5886,
         0.2792, -0.7690,  0.3533,  0.1572, -0.9661, -0.3280, -0.5161, -0.4890,
        -0.2195,  0.0324, -0.2317, -0.8601, -0.5391,  0.0607,  0.2931, -0.1080,
        -0.7024,  0.3145, -0.1792, -0.6046,  0.3595,  0.1856,  0.0870, -0.4097,
         0.1197, -0.3330, -0.2686, -0.7530, -0.2336, -0.8301,  0.0213, -0.3961,
        -0.7892, -0.5271, -0.7697, -0.6307,  0.0711, -0.1966, -0.6129,  0.4929,
         0.3043, -0.5212, -0.7790, -0.1870, -0.5215,  0.4126, -0.6974, -0.7148,
        -0.7419, -0.1185, -0.6220, -0.6041, -0.4452,  0.3102, -0.0275, -0.3030,
        -0.6989, -0.1342, -0.7636,  0.4398, -0.5546, -0.1036, -0.3529, -0.3132,
        -0.4729,  0.4024, -0.2694,  0.1641,  0.2124, -0.5581, -0.7010,  0.1924,
        -0.7323,  0.4923,  0.3514,  0.0687, -0.7227, -0.1572,  0.4036, -0.6242,
        -0.4431,  0.1158, -0.9651, -1.0141, -0.3687, -0.3436,  0.2022,  0.3760,
        -0.6167, -0.1436, -0.0438, -0.4882, -0.3073,  0.4272, -0.7666,  0.1156,
        -0.8979, -1.0206, -0.3215, -0.6774, -0.5897, -0.6898,  0.3509, -0.2488,
        -0.4811,  0.0689, -0.2426,  0.2673,  0.1099, -0.3082, -0.6139, -0.2958,
        -0.4604, -0.3744,  0.0342, -1.0114, -0.0581,  0.0412, -0.3284, -0.4047,
         0.0128, -0.5840, -0.1339, -0.5915, -0.8692,  0.4767, -0.5799, -0.4183,
         0.3542, -0.3955, -0.7782,  0.1476, -0.4314, -0.2595,  0.3960, -0.3411,
        -0.1648, -0.0847, -0.9418, -0.6951,  0.3107, -0.8526, -0.3986,  0.2876,
        -0.7797, -0.2910,  0.5005,  0.7625, -0.1039, -0.6864,  0.1428, -0.3938,
        -0.5007,  0.4259, -0.8711,  0.5235, -0.4592, -0.9696, -0.5650, -0.4331,
        -0.4299,  0.3061,  0.4075, -0.2314, -0.2986, -0.4328, -0.0669,  0.2248,
        -0.6913, -0.3895, -0.2432, -0.6336, -0.8097,  0.7313, -0.1183, -0.1182,
         0.3029,  0.1734, -0.0302, -0.0292,  0.8343,  0.6137,  0.0056, -0.6178,
         0.4250, -0.8936, -0.8054, -0.7570,  0.5979, -0.2558, -0.7282,  0.3790,
        -0.3324,  0.3852, -0.1548, -0.6626,  0.6849, -0.2165, -0.7957, -0.5619,
        -0.5359, -0.5617, -0.4654,  0.3160,  0.2253, -0.2837, -0.7762, -0.0419,
         0.1527, -0.4317, -0.7649,  0.1395, -0.4540, -0.3657, -0.6738,  0.5024,
        -0.1915, -0.7613, -0.2802,  0.4414,  0.1891, -0.5362, -0.8859, -0.2648,
        -0.8020, -0.8712, -0.6883, -0.1641, -1.0240, -0.3442,  0.2710, -0.7243,
        -0.0300, -0.7580, -1.2008, -0.1670, -0.2386, -0.1579,  0.2714,  0.1486,
        -0.2954, -0.5890,  0.4326, -0.5853, -0.4395,  0.4316, -0.5304, -1.1178],
       device='cuda:0')

layer:37 - critic1_old.preprocess.model.model.2.weight:
tensor([[-1.1136, -0.0078,  0.1611,  ..., -0.0078,  0.3628, -1.5118],
        [-1.1616,  0.0325,  0.1837,  ..., -0.0202,  0.3399, -1.5354],
        [-1.1304,  0.0070,  0.1062,  ...,  0.0075,  0.2881, -1.5256],
        ...,
        [ 1.7294,  0.1224, -0.0425,  ..., -0.0500, -0.1930,  2.0722],
        [ 1.6201,  0.2871,  0.3225,  ..., -0.2344,  0.4860,  2.1681],
        [ 1.2220, -0.1868, -0.2452,  ..., -0.0307, -0.4369,  1.9118]],
       device='cuda:0')

layer:38 - critic1_old.preprocess.model.model.2.bias:
tensor([ 0.1274,  0.0995,  0.1490,  0.1288, -0.2105,  0.2133,  0.3451, -0.1413,
         0.1214, -0.2275, -0.1761, -0.1168, -0.0730,  0.1353,  0.1559,  0.1480,
         0.1233, -0.1375, -0.1617,  0.1646,  0.1322,  0.1717,  0.1933, -0.1992,
         0.1875,  0.1350,  0.2222,  0.1277,  0.2143, -0.1379,  0.1027,  0.1937,
         0.1278,  0.2739,  0.1086, -0.0361, -0.0419,  0.1992,  0.1267,  0.1979,
         0.1789, -0.1135,  0.0239, -0.0979,  0.1831, -0.1816,  0.1386, -0.0428,
        -0.0014, -0.0168,  0.1696,  0.1742, -0.1188,  0.1420,  0.1741,  0.0114,
         0.2054, -0.0770, -0.1066, -0.2197, -0.0915,  0.1344,  0.2134,  0.3845,
         0.1270,  0.1377, -0.1105, -0.1343,  0.1364, -0.1758, -0.1289,  0.1483,
        -0.0680, -0.1531,  0.0446, -0.1430, -0.0384,  0.1288, -0.1518, -0.0941,
         0.1561, -0.1444,  0.1530,  0.2001,  0.3377,  0.2069, -0.0482,  0.1496,
         0.1707,  0.1710, -0.0925,  0.0577,  0.1625,  0.1837,  0.1970,  0.2250,
         0.1754,  0.2526,  0.1774,  0.2147,  0.1319,  0.1781, -0.0691, -0.1709,
         0.0288,  0.1713, -0.1458,  0.1794,  0.1451, -0.0664,  0.1357,  0.2000,
        -0.1511,  0.1181,  0.1354,  0.1566, -0.0458,  0.1796, -0.1434,  0.1238,
         0.1922, -0.1419, -0.1257,  0.1801, -0.0419, -0.1432, -0.1275,  0.1071,
         0.1866, -0.1063, -0.0725, -0.1064, -0.0615, -0.0861, -0.0629,  0.1260,
        -0.0639,  0.2347,  0.1967, -0.1264, -0.0826,  0.2292, -0.1698,  0.1459,
        -0.1499, -0.0704,  0.1053, -0.0977,  0.1359, -0.0636,  0.2170,  0.2179,
         0.1521, -0.1363,  0.3117, -0.2322,  0.1378,  0.2964,  0.2018, -0.1179,
         0.2157, -0.1192,  0.1770,  0.1480, -0.0883, -0.0777,  0.1066, -0.0445,
         0.2191, -0.0600, -0.1237, -0.0763,  0.1170,  0.1584, -0.1756, -0.1690,
         0.1616, -0.1791,  0.1563,  0.1879,  0.1520, -0.1289,  0.1106, -0.1117,
         0.1556,  0.1642, -0.1700, -0.0929,  0.1376,  0.0957,  0.1952, -0.2103,
        -0.0935, -0.0492,  0.1563, -0.2114,  0.2076,  0.1970,  0.1899, -0.0294,
         0.3407, -0.1349,  0.2216, -0.0981,  0.1298,  0.0023, -0.1177, -0.1143,
        -0.1407, -0.1569,  0.1871, -0.1529, -0.0570, -0.1123,  0.2148, -0.0539,
         0.2226,  0.1678,  0.4291,  0.2301, -0.2501,  0.1903, -0.2767, -0.2005,
         0.2285,  0.2111,  0.0010,  0.1697,  0.1983,  0.0452, -0.0263,  0.1493,
        -0.0791,  0.2059, -0.1294,  0.1594,  0.1423,  0.1693,  0.1934,  0.1630,
        -0.1387,  0.1892,  0.0186, -0.0730,  0.2042,  0.1147,  0.3027, -0.1873,
         0.3391, -0.2077,  0.1891,  0.1964,  0.1106, -0.2293, -0.2944,  0.0154],
       device='cuda:0')

layer:39 - critic1_old.last.model.0.weight:
tensor([[-0.0920, -0.1107, -0.0890, -0.1031,  0.1176,  2.2467,  0.9448,  0.2310,
         -0.0981,  0.2270,  0.0708,  0.2131,  0.1141, -0.1065, -0.1063, -0.1065,
         -0.0895,  0.0940,  0.1960, -0.1065, -0.1126, -0.1034, -0.1152,  0.0981,
         -0.0882, -0.0968, -0.1030,  1.8533, -0.1227,  0.0567,  1.4524, -0.0725,
         -0.0875,  1.2749, -0.0832,  0.0205,  0.0847, -0.1141, -0.0949, -0.0917,
         -0.1137,  0.1596,  0.6687,  0.0365, -0.1068,  0.0908, -0.0870,  0.0599,
          2.7504,  0.1610,  0.6495, -0.0960,  4.0842, -0.1012, -0.1104,  0.0457,
         -0.0907,  0.0649,  0.0991,  0.1065,  0.1006, -0.1056, -0.0924,  1.3131,
         -0.1072, -0.0798,  0.0673,  0.2765, -0.1142,  0.3140,  0.2806, -0.0851,
          0.0485,  0.0428,  3.7749,  0.1333,  0.0236, -0.0990,  0.3004,  0.0629,
         -0.0899,  0.3060, -0.1131, -0.0784,  0.9105, -0.1047,  0.0969, -0.0870,
         -0.1051, -0.1261,  0.0598,  1.6978, -0.0990, -0.0879, -0.0879, -0.0936,
         -0.1089,  1.2485, -0.1238,  1.6761, -0.1127, -0.0918,  0.0340,  0.0556,
          1.3275, -0.0905, -0.0552, -0.1192, -0.0984,  0.0215, -0.1131, -0.1061,
          0.0954, -0.0952, -0.1013, -0.1118,  0.0710, -0.1190,  4.9795, -0.1150,
          0.8927,  0.1481,  0.0703, -0.0869,  0.0209,  0.0639,  0.0460, -0.0992,
         -0.1025,  0.2612,  0.0917,  0.1722,  0.0506,  0.0175,  0.0993, -0.1015,
          0.0153,  1.2936, -0.0809,  0.0321,  0.5138,  1.3368,  0.1190, -0.0954,
          0.1358,  0.0723, -0.1095,  0.0696, -0.0976,  0.0352, -0.1230, -0.0993,
         -0.1226,  0.1604,  1.1891,  0.2567, -0.0984,  1.1076, -0.0893,  0.0653,
         -0.0860,  0.1351, -0.1018, -0.0884,  0.3787,  0.0152, -0.0988,  0.0439,
         -0.1049,  0.0398,  0.0828,  0.0638, -0.1233, -0.0928,  0.2171,  0.0181,
         -0.1147,  0.4054, -0.1081, -0.0856, -0.1137,  0.4323, -0.1139,  0.0780,
         -0.0841, -0.0825,  0.0884,  0.1263, -0.1161, -0.0967, -0.0798,  0.1795,
          0.2088,  0.0435, -0.0961,  0.3734, -0.1169, -0.1043, -0.1024,  0.0387,
          1.6492,  0.0623, -0.1106,  0.0462, -0.0865,  0.1111,  0.0255,  0.1906,
          0.3379,  0.0748,  0.7832,  0.3175,  0.3141,  0.1442, -0.1081,  0.0904,
         -0.1027, -0.1248,  1.0979, -0.0929,  0.3035, -0.0962,  0.2771,  0.1719,
         -0.0844, -0.0870,  0.0417, -0.0908, -0.0914,  0.9803,  0.0492, -0.1023,
          0.0200, -0.1164,  0.0709, -0.0986, -0.0977, -0.0955, -0.1078, -0.0859,
          0.0620, -0.1080,  0.4974,  0.0985, -0.1108, -0.0922,  1.0366,  0.0772,
          0.9605,  0.0528, -0.1051, -0.1029, -0.0969,  0.4597,  0.4170,  0.5189]],
       device='cuda:0')

layer:40 - critic1_old.last.model.0.bias:
tensor([-0.1668], device='cuda:0')

layer:41 - critic2.preprocess.model.model.0.weight:
tensor([[ 0.0542, -0.2682, -0.0863,  ..., -0.0232,  0.0184, -0.2280],
        [-0.3131, -0.4975,  0.1461,  ...,  0.0454, -0.1079,  0.0673],
        [-0.0759,  0.0576,  0.1542,  ...,  0.0557,  0.0069, -0.0503],
        ...,
        [ 0.0475, -0.0485,  0.4250,  ..., -0.1412, -0.3160, -0.2777],
        [-0.2964, -0.4614, -0.2113,  ..., -0.3241, -0.0395,  0.1535],
        [-0.7298,  0.8336, -0.3897,  ...,  0.0407, -0.0328, -0.1215]],
       device='cuda:0')

layer:42 - critic2.preprocess.model.model.0.bias:
tensor([ 0.3453,  0.4115,  0.4425, -1.1259, -0.4287, -0.7456,  0.2737, -0.7789,
        -0.1459,  0.1642, -0.3629, -0.6471, -0.8021,  0.3916, -0.5499, -0.3107,
        -0.4293, -1.1962, -0.4929, -0.2194,  0.0793, -0.2058, -0.4818, -0.2923,
        -0.5388,  0.3549,  0.3051,  0.3320, -0.8612, -0.5809, -0.4697,  0.5391,
        -0.1782, -0.4079, -0.4118, -0.3587,  0.5065,  0.0646, -0.7794, -0.3409,
         0.5199, -0.5589, -0.5535, -0.6630,  0.4009, -0.6510, -0.7555, -0.3429,
         0.2872, -0.2240, -0.7113, -0.4936, -0.4180, -0.6666, -0.6996,  0.4097,
         0.1672,  0.4835, -0.8587, -0.4149, -0.4833, -0.4256, -0.4297,  0.4156,
        -0.2770, -0.1459, -0.5892, -0.1585,  0.2763,  0.0673, -0.7625, -0.4937,
        -0.4416, -0.5051, -0.9157, -0.5431, -0.4880, -0.8418,  0.2213,  0.1387,
        -0.8126, -0.6883, -0.6978, -0.9037,  0.3012, -0.3948,  0.4431, -0.8564,
        -0.9140,  0.1044, -0.2660, -0.4071, -0.5264, -0.3246,  0.3758, -0.1969,
        -0.4435, -0.3497, -0.5564, -0.5962, -0.1780,  0.3758, -0.3049, -0.1227,
        -0.5090,  0.1170,  0.4055,  0.4841, -0.1882, -1.2112, -0.4787, -0.5076,
        -0.2532, -0.3165,  0.0526, -0.2760,  0.3394, -0.7978, -0.3472,  0.4581,
        -0.5505, -0.0597, -0.9838, -0.9866,  0.4321, -0.1736,  0.6093,  0.4480,
        -0.3098, -0.4011, -0.9711, -0.1519, -0.3520, -0.4369,  0.2653, -0.4297,
        -0.4072, -0.9567, -0.4277, -0.4492,  0.4101, -0.5187, -0.3170,  0.3653,
         0.0301, -0.3494, -0.2781,  0.2236, -0.4331, -0.5509, -0.1455, -0.1745,
        -0.2654, -0.0640, -0.1497, -0.9484,  0.4999, -0.3947, -0.1211,  0.5552,
        -0.6975, -0.5148, -0.2946,  0.0288, -0.3676,  0.5302,  0.5971, -0.1024,
        -0.7519, -0.7537, -0.2838, -0.0048,  0.2100, -0.1457, -0.4539,  0.4405,
        -0.7251, -0.5264,  0.5312, -0.0772, -0.2712,  0.4272, -0.9798, -1.0566,
        -0.8289, -0.4754,  0.5297, -0.8602, -0.3844,  0.3786,  0.4206, -0.8940,
         0.2511, -0.7560, -0.3248, -0.4088, -0.6711, -0.9128, -0.5565,  0.6237,
        -0.3254,  0.3265, -0.2092, -0.5181, -0.3258, -0.6718,  0.4563, -1.0953,
         0.3508, -0.6110, -0.5522, -0.0432, -0.6569, -0.5829, -0.3846, -0.1562,
         0.3568,  0.3952,  0.4890, -0.7898,  0.4333,  0.5535,  0.1430,  0.4828,
         0.2865,  0.2543,  0.2190, -0.0162, -0.8043, -0.4210,  0.3953, -0.3989,
        -0.0937, -0.2731, -0.7419, -0.8235, -0.5715, -0.5902, -0.3824,  0.2839,
        -0.3961, -0.2042, -0.3948, -0.3086, -0.3626, -0.0517, -0.3486, -0.9812,
        -0.8984,  0.4107, -0.5010, -0.3446, -0.3111,  0.4298, -0.3809, -0.3577],
       device='cuda:0')

layer:43 - critic2.preprocess.model.model.2.weight:
tensor([[-0.1140,  0.3635,  0.3138,  ..., -0.0191,  0.0634, -0.0861],
        [-0.1903,  0.0198,  0.2981,  ..., -0.3041,  0.1215, -0.0392],
        [-0.0356,  0.0308, -0.1268,  ...,  0.0259, -0.0698,  0.0904],
        ...,
        [-0.0103, -0.0648, -0.0280,  ...,  0.0372, -0.0303,  0.1012],
        [ 0.2879,  0.3369,  0.1826,  ..., -0.0433,  0.1740,  0.2138],
        [ 0.0285, -0.4175,  0.1494,  ..., -0.2672, -0.2916,  0.2618]],
       device='cuda:0')

layer:44 - critic2.preprocess.model.model.2.bias:
tensor([-2.3812e-02, -1.5207e-01,  1.0097e-01,  8.8281e-04,  2.7136e-02,
         1.1287e-02, -2.4096e-02,  5.2062e-02,  8.3148e-02,  5.6651e-02,
        -1.7298e-02,  1.2131e-02,  9.3601e-02,  2.0852e-01,  1.1701e-01,
         1.4514e-02,  2.2014e-01, -2.0224e-03,  7.7047e-02,  1.6790e-01,
        -4.3663e-01,  1.9121e-01, -6.9520e-02, -1.6954e-02,  9.0695e-02,
         7.6700e-02, -8.6476e-03, -6.7620e-02,  2.6120e-01, -5.6934e-03,
         1.0244e-01,  8.4820e-02,  9.9555e-02,  3.6134e-02,  1.3916e-01,
        -2.6052e-02,  3.5765e-03, -1.0767e-01,  2.1664e-01,  4.9064e-02,
         1.3095e-02, -2.9462e-02, -2.3040e-01,  1.9121e-02,  1.9423e-01,
         2.2078e-02,  6.7163e-02,  7.5530e-02,  2.1785e-01,  3.1479e-01,
        -6.1578e-02,  1.9091e-01,  3.1631e-01, -4.9845e-02,  6.4336e-02,
        -9.9520e-02,  2.2185e-01,  7.2002e-02,  1.5509e-01,  8.7518e-02,
         6.3404e-02, -3.2879e-02, -1.0613e-02,  1.9614e-01, -2.1856e-02,
         6.1082e-02,  1.8591e-01,  3.6519e-02,  7.9835e-02,  1.6520e-01,
         8.9129e-02, -4.2132e-01,  2.3415e-01,  2.2130e-01, -2.0388e-01,
         1.5140e-02,  1.7490e-02,  2.0903e-02,  3.9494e-02,  2.9288e-01,
         6.9989e-02, -5.3061e-02,  6.2562e-02, -1.0667e-01,  9.3487e-02,
         2.6739e-02,  1.8235e-01,  2.0931e-01, -1.1062e-01, -6.2059e-03,
        -2.7348e-01, -6.1035e-02,  4.5622e-02,  4.9046e-02, -9.8779e-02,
        -6.1217e-02, -1.3573e-01,  6.6768e-02, -2.7567e-02, -3.3966e-03,
        -1.0156e-01,  1.3338e-01,  5.2846e-02,  9.7131e-02,  3.3696e-02,
         1.4348e-01, -5.6654e-03,  5.5097e-02,  2.9357e-02,  5.8655e-02,
         2.2251e-02,  7.7633e-02, -2.4457e-02, -1.0233e-02,  5.3526e-03,
         1.9734e-02,  1.5645e-01,  6.1907e-03, -6.1778e-02,  1.0443e-01,
        -1.9972e-03,  8.0581e-03,  3.0288e-02, -5.0046e-02,  3.1074e-01,
         4.0623e-02,  9.4402e-02,  3.4614e-02, -9.1459e-03, -4.6153e-01,
        -9.4611e-02,  4.7509e-02,  9.5732e-02,  5.3325e-02,  1.8778e-01,
         3.3405e-02,  1.0121e-01, -1.2300e-01, -2.5296e-02, -7.8596e-02,
         2.9548e-01,  5.5149e-03, -1.5008e-02,  1.5784e-01,  7.4981e-02,
         2.1687e-01,  2.4261e-02, -7.3292e-03,  9.3807e-02, -3.0474e-01,
        -1.0705e-01,  2.4585e-02,  5.9672e-02,  5.2650e-02,  2.2213e-01,
         2.2870e-02,  6.7095e-02, -1.5412e-02,  1.0532e-01,  6.9820e-02,
         5.3044e-02,  1.8952e-01,  1.3107e-02,  4.3791e-02,  1.1464e-02,
         8.1819e-02, -1.3278e-01,  2.5004e-02,  1.7972e-01,  1.9628e-01,
         1.2948e-02, -3.8508e-02, -1.2552e-02,  9.4830e-02,  2.5459e-01,
         2.2699e-01,  2.8803e-02,  1.9859e-02, -5.2897e-02,  2.4915e-01,
         7.8402e-02, -2.1646e-02,  3.9892e-02,  5.9427e-02, -1.9416e-04,
         9.7341e-03,  9.7147e-02,  6.1482e-04, -1.6358e-02, -1.0987e-01,
        -9.0614e-02, -8.2060e-04,  3.2047e-02,  2.8704e-02, -6.7551e-02,
         2.6916e-02, -2.8137e-03, -2.1835e-03,  2.0039e-01, -2.8472e-02,
        -1.2292e-02,  7.3992e-02,  3.4871e-02,  2.7444e-02,  7.1958e-02,
         4.3420e-02,  2.9041e-01,  1.3183e-03,  2.7256e-02,  3.2069e-02,
         1.2703e-01,  5.7855e-02, -3.7947e-02,  1.1171e-02,  1.3133e-01,
         1.0470e-01,  7.2852e-02,  1.5109e-01,  8.4132e-02,  2.1801e-01,
         1.1248e-01,  4.7583e-03,  1.7379e-01,  3.8032e-01,  3.1149e-01,
         1.8193e-01,  1.0034e-02,  2.2786e-01, -1.3595e-01,  8.3635e-02,
        -7.4632e-02,  1.3663e-02,  1.7819e-01, -2.9401e-02,  2.3837e-02,
        -2.8269e-03,  1.0144e-01,  4.7844e-02, -1.7265e-02,  1.7824e-01,
         1.9022e-01,  3.0277e-01,  1.4164e-02,  9.0825e-02,  3.7237e-02,
        -6.6514e-02,  1.6306e-01, -6.9878e-02, -8.7663e-02,  5.6194e-02,
         1.4414e-01,  1.9556e-01,  8.1102e-02,  1.0861e-01,  1.8236e-01,
         1.9730e-01], device='cuda:0')

layer:45 - critic2.last.model.0.weight:
tensor([[ 7.3494e-01,  4.2784e-01, -8.7165e-02, -1.0367e-01, -5.6164e-02,
         -2.8077e-02,  3.9082e-01, -7.3280e-02, -1.0778e-01, -8.0802e-02,
         -4.2484e-02, -8.3001e-02, -7.6124e-02,  8.9583e-01, -7.3983e-02,
         -7.2738e-02,  1.2684e+00, -7.0023e-02, -5.3212e-02,  7.7105e-01,
         -1.9542e+00,  6.8335e-01,  1.9237e-01,  1.8441e-01, -1.0556e-01,
         -9.3797e-02, -3.0560e-02,  3.7762e-01,  1.3983e+00, -3.4789e-01,
         -6.7368e-02, -1.0610e-01, -5.5062e-02,  2.9697e-01,  8.4376e-01,
          1.9337e-01, -1.0628e-01, -5.0325e-01,  8.5053e-01, -5.5817e-02,
          3.7964e-01,  2.3166e-01, -8.4975e-01, -4.2696e-02,  1.1214e+00,
         -8.1592e-02, -8.9482e-02,  8.8165e-01,  9.4284e-01,  1.1575e+00,
          3.1447e-01,  6.5572e-01,  1.0404e+00,  3.4278e-01, -6.9854e-02,
          3.3153e-01,  8.5743e-01,  4.9746e-01,  8.9691e-01, -4.9548e-02,
         -1.1851e-01,  8.3070e-01, -1.8119e-02,  7.8691e-01, -3.3127e-02,
          9.3188e-01,  9.6408e-01, -5.4474e-02, -7.7202e-02,  8.8044e-01,
         -1.1262e-01, -1.7867e+00,  9.0407e-01,  1.1435e+00,  1.9722e+00,
         -7.6097e-02, -1.1553e-01,  1.6455e-01,  5.9888e-01,  9.6979e-01,
         -4.8330e-02, -1.9545e-02, -8.7452e-02,  1.1268e-01, -1.1696e-01,
          9.5487e-02,  7.0582e-01,  7.5874e-01,  1.0296e+00, -8.5756e-02,
         -1.1228e+00,  3.1137e-01, -8.0875e-02, -4.7247e-02,  3.6045e-01,
          3.4194e-01,  3.0303e-01,  2.1811e+00,  2.4374e-01, -6.5618e-02,
          4.4207e-01,  1.1180e+00, -3.6190e-02, -6.9082e-02, -6.7185e-02,
          1.4318e+00,  2.6890e-01,  9.0003e-01, -8.3262e-02, -8.7293e-02,
         -8.5617e-02, -1.2134e-01, -6.1011e-02, -4.1619e-02, -7.8142e-02,
          4.5389e-01,  7.6227e-01, -8.7873e-02,  5.0956e-01, -5.7896e-02,
         -5.5338e-02,  2.8924e-01,  3.7385e-01, -9.8453e-01,  9.2156e-01,
         -1.0285e-01, -1.1276e-01, -4.8496e-02, -5.6088e-02, -1.3064e+00,
          3.4217e-01, -9.3432e-02, -4.0421e-02, -8.7553e-02,  5.9953e-01,
         -5.0053e-02,  1.2512e+00,  4.1357e-01,  1.4795e-01,  3.0459e-01,
          1.5066e+00, -6.7290e-02,  2.2992e-01,  8.3085e-01, -7.6751e-02,
          1.4654e+00, -3.3604e-02, -3.3724e-02, -3.4251e-02, -1.1850e+00,
          5.9091e-01, -5.2558e-02, -7.0594e-02, -9.6906e-02,  6.3038e+00,
          1.9001e-01, -3.5294e-02,  2.6695e-01,  1.0559e+00, -1.1094e-01,
         -8.7060e-02,  1.6743e+00, -3.8326e-02, -4.3997e-02, -3.6407e-02,
         -1.1409e-01,  1.1153e+00, -9.9617e-02,  3.1676e+00,  1.2869e+00,
         -8.4588e-02,  2.4782e-01,  2.5698e-01, -3.8363e-02,  8.8513e-01,
          1.0326e+00,  8.4346e-01,  3.3869e-01,  2.5654e-01,  1.4779e+00,
         -8.1519e-02, -3.7004e-03, -1.0699e-01, -1.0516e-01, -7.3979e-02,
         -4.7516e-02, -4.9557e-02,  1.6114e+00,  2.8423e-01,  3.6673e-01,
          1.3723e-01, -2.7660e-02, -6.4278e-02, -1.2088e-01,  2.9849e-01,
         -4.9229e-02,  1.5845e+00, -9.2082e-02,  7.0640e-01,  2.9122e-01,
         -3.4481e-02, -6.2710e-02, -7.8885e-02, -4.6750e-02, -9.0798e-02,
         -1.0084e-01,  9.1248e-01,  1.6180e-01, -8.7342e-02, -1.2444e-01,
          6.4784e-01, -8.2837e-02,  8.0217e-01,  5.0113e-01,  5.9351e-01,
         -1.1680e-01, -9.8443e-02,  2.6032e+00, -5.4138e-02,  8.7261e-01,
         -9.6201e-02, -4.9514e-02,  7.4613e-01,  1.1577e+00,  7.0730e-01,
          8.4248e-01,  1.3675e-01,  7.4141e-01,  4.2896e-01, -7.5658e-02,
          3.9302e-01, -4.9265e-04,  6.2475e-01,  1.5102e-01, -7.7359e-02,
         -8.9079e-02, -8.9632e-02,  7.2442e-01, -2.2696e-02,  1.0331e+00,
          1.1142e+00,  1.5181e+00, -3.2730e-02, -6.5631e-02, -8.3419e-02,
          3.8289e-01,  8.7185e-01,  3.4258e+00,  2.8758e-01, -5.5530e-02,
          7.6955e-01,  7.4840e-01, -1.1404e-01, -9.2562e-02,  9.6337e-01,
          5.9593e-01]], device='cuda:0')

layer:46 - critic2.last.model.0.bias:
tensor([-0.0202], device='cuda:0')

layer:47 - critic2_old.preprocess.model.model.0.weight:
tensor([[ 0.0543, -0.2680, -0.0861,  ..., -0.0231,  0.0178, -0.2275],
        [-0.3131, -0.4981,  0.1457,  ...,  0.0464, -0.1068,  0.0666],
        [-0.0745,  0.0574,  0.1538,  ...,  0.0546,  0.0079, -0.0519],
        ...,
        [ 0.0473, -0.0492,  0.4243,  ..., -0.1424, -0.3165, -0.2765],
        [-0.2974, -0.4612, -0.2110,  ..., -0.3226, -0.0390,  0.1540],
        [-0.7290,  0.8332, -0.3891,  ...,  0.0404, -0.0336, -0.1216]],
       device='cuda:0')

layer:48 - critic2_old.preprocess.model.model.0.bias:
tensor([ 0.3454,  0.4116,  0.4423, -1.1265, -0.4282, -0.7460,  0.2738, -0.7792,
        -0.1463,  0.1649, -0.3629, -0.6488, -0.8012,  0.3913, -0.5507, -0.3100,
        -0.4291, -1.1958, -0.4918, -0.2196,  0.0800, -0.2055, -0.4815, -0.2904,
        -0.5389,  0.3555,  0.3052,  0.3323, -0.8612, -0.5812, -0.4697,  0.5383,
        -0.1784, -0.4078, -0.4117, -0.3587,  0.5068,  0.0641, -0.7783, -0.3405,
         0.5200, -0.5597, -0.5534, -0.6636,  0.4008, -0.6505, -0.7545, -0.3422,
         0.2879, -0.2240, -0.7104, -0.4937, -0.4186, -0.6659, -0.6985,  0.4096,
         0.1674,  0.4838, -0.8587, -0.4144, -0.4838, -0.4255, -0.4288,  0.4156,
        -0.2771, -0.1458, -0.5888, -0.1585,  0.2767,  0.0677, -0.7623, -0.4932,
        -0.4420, -0.5051, -0.9162, -0.5433, -0.4882, -0.8415,  0.2214,  0.1388,
        -0.8120, -0.6875, -0.6973, -0.9036,  0.3014, -0.3953,  0.4434, -0.8567,
        -0.9141,  0.1037, -0.2660, -0.4075, -0.5263, -0.3242,  0.3763, -0.1969,
        -0.4436, -0.3490, -0.5568, -0.5958, -0.1775,  0.3762, -0.3054, -0.1233,
        -0.5091,  0.1172,  0.4056,  0.4832, -0.1883, -1.2116, -0.4785, -0.5070,
        -0.2532, -0.3167,  0.0518, -0.2757,  0.3392, -0.7978, -0.3479,  0.4585,
        -0.5499, -0.0603, -0.9842, -0.9867,  0.4314, -0.1739,  0.6087,  0.4483,
        -0.3093, -0.4015, -0.9708, -0.1522, -0.3517, -0.4358,  0.2651, -0.4300,
        -0.4068, -0.9566, -0.4269, -0.4493,  0.4095, -0.5187, -0.3167,  0.3652,
         0.0320, -0.3496, -0.2793,  0.2235, -0.4327, -0.5504, -0.1455, -0.1747,
        -0.2655, -0.0645, -0.1494, -0.9482,  0.4997, -0.3943, -0.1198,  0.5551,
        -0.6969, -0.5141, -0.2944,  0.0292, -0.3671,  0.5304,  0.5970, -0.1023,
        -0.7523, -0.7541, -0.2838, -0.0056,  0.2099, -0.1451, -0.4537,  0.4405,
        -0.7241, -0.5266,  0.5305, -0.0775, -0.2712,  0.4272, -0.9797, -1.0568,
        -0.8290, -0.4750,  0.5285, -0.8599, -0.3843,  0.3788,  0.4215, -0.8936,
         0.2510, -0.7555, -0.3246, -0.4093, -0.6705, -0.9126, -0.5561,  0.6236,
        -0.3249,  0.3271, -0.2094, -0.5168, -0.3262, -0.6725,  0.4563, -1.0949,
         0.3511, -0.6114, -0.5515, -0.0427, -0.6566, -0.5821, -0.3849, -0.1567,
         0.3564,  0.3952,  0.4896, -0.7902,  0.4327,  0.5534,  0.1430,  0.4829,
         0.2865,  0.2543,  0.2198, -0.0167, -0.8047, -0.4215,  0.3953, -0.3993,
        -0.0938, -0.2734, -0.7414, -0.8231, -0.5725, -0.5897, -0.3826,  0.2844,
        -0.3959, -0.2037, -0.3951, -0.3086, -0.3629, -0.0520, -0.3477, -0.9805,
        -0.8982,  0.4117, -0.5009, -0.3448, -0.3111,  0.4294, -0.3809, -0.3576],
       device='cuda:0')

layer:49 - critic2_old.preprocess.model.model.2.weight:
tensor([[-0.1143,  0.3629,  0.3137,  ..., -0.0194,  0.0628, -0.0866],
        [-0.1903,  0.0184,  0.2974,  ..., -0.3040,  0.1213, -0.0392],
        [-0.0358,  0.0312, -0.1262,  ...,  0.0261, -0.0695,  0.0905],
        ...,
        [-0.0105, -0.0644, -0.0274,  ...,  0.0375, -0.0300,  0.1013],
        [ 0.2867,  0.3363,  0.1833,  ..., -0.0428,  0.1733,  0.2136],
        [ 0.0283, -0.4168,  0.1486,  ..., -0.2673, -0.2924,  0.2609]],
       device='cuda:0')

layer:50 - critic2_old.preprocess.model.model.2.bias:
tensor([-2.3888e-02, -1.5198e-01,  1.0096e-01,  8.7201e-04,  2.7135e-02,
         1.1304e-02, -2.3937e-02,  5.2056e-02,  8.3138e-02,  5.6644e-02,
        -1.7294e-02,  1.2123e-02,  9.3595e-02,  2.0953e-01,  1.1700e-01,
         1.4508e-02,  2.1972e-01, -2.0284e-03,  7.7047e-02,  1.6772e-01,
        -4.3696e-01,  1.9202e-01, -6.9942e-02, -1.7123e-02,  9.0684e-02,
         7.6691e-02, -8.6341e-03, -6.7861e-02,  2.6285e-01, -5.8797e-03,
         1.0244e-01,  8.4810e-02,  9.9555e-02,  3.5919e-02,  1.3922e-01,
        -2.5500e-02,  3.5655e-03, -1.0718e-01,  2.1631e-01,  4.9062e-02,
         1.2663e-02, -2.9560e-02, -2.3052e-01,  1.9125e-02,  1.9442e-01,
         2.2071e-02,  6.7154e-02,  7.5612e-02,  2.1817e-01,  3.1529e-01,
        -6.1887e-02,  1.9105e-01,  3.1719e-01, -4.9513e-02,  6.4331e-02,
        -9.9391e-02,  2.2182e-01,  7.2327e-02,  1.5471e-01,  8.7519e-02,
         6.3392e-02, -3.3078e-02, -1.0577e-02,  1.9623e-01, -2.1846e-02,
         6.1453e-02,  1.8599e-01,  3.6518e-02,  7.9829e-02,  1.6585e-01,
         8.9118e-02, -4.2098e-01,  2.3427e-01,  2.2103e-01, -2.0420e-01,
         1.5133e-02,  1.7478e-02,  2.0801e-02,  3.9073e-02,  2.9244e-01,
         6.9990e-02, -5.3028e-02,  6.2553e-02, -1.0689e-01,  9.3476e-02,
         2.6917e-02,  1.8229e-01,  2.0914e-01, -1.1085e-01, -6.2147e-03,
        -2.7381e-01, -6.1124e-02,  4.5614e-02,  4.9048e-02, -9.8458e-02,
        -6.0911e-02, -1.3572e-01,  6.5650e-02, -2.7220e-02, -3.4014e-03,
        -1.0135e-01,  1.3361e-01,  5.2854e-02,  9.7126e-02,  3.3691e-02,
         1.4256e-01, -5.4492e-03,  5.5407e-02,  2.9349e-02,  5.8646e-02,
         2.2243e-02,  7.7622e-02, -2.4461e-02, -1.0229e-02,  5.3451e-03,
         1.9615e-02,  1.5672e-01,  6.1817e-03, -6.1331e-02,  1.0443e-01,
        -1.9988e-03,  7.9635e-03,  3.0482e-02, -5.0124e-02,  3.1020e-01,
         4.0612e-02,  9.4391e-02,  3.4616e-02, -9.1480e-03, -4.6151e-01,
        -9.4729e-02,  4.7500e-02,  9.5739e-02,  5.3316e-02,  1.8818e-01,
         3.3405e-02,  1.0155e-01, -1.2325e-01, -2.5494e-02, -7.8638e-02,
         2.9533e-01,  5.5097e-03, -1.4968e-02,  1.5773e-01,  7.4974e-02,
         2.1622e-01,  2.4271e-02, -7.3209e-03,  9.3817e-02, -3.0433e-01,
        -1.0721e-01,  2.4585e-02,  5.9666e-02,  5.2640e-02,  2.2218e-01,
         2.3202e-02,  6.7104e-02, -1.5519e-02,  1.0592e-01,  6.9809e-02,
         5.3036e-02,  1.9007e-01,  1.3113e-02,  4.3794e-02,  1.1471e-02,
         8.1808e-02, -1.3289e-01,  2.4993e-02,  1.8021e-01,  1.9639e-01,
         1.2940e-02, -3.8302e-02, -1.2439e-02,  9.4838e-02,  2.5481e-01,
         2.2591e-01,  2.9231e-02,  1.9546e-02, -5.3156e-02,  2.4948e-01,
         7.8395e-02, -2.1418e-02,  3.9881e-02,  5.9417e-02, -2.0085e-04,
         9.7351e-03,  9.7148e-02,  1.2051e-03, -1.6595e-02, -1.1005e-01,
        -9.0535e-02, -8.0413e-04,  3.2043e-02,  2.8692e-02, -6.7650e-02,
         2.6917e-02, -3.0828e-03, -2.1929e-03,  1.9954e-01, -2.8156e-02,
        -1.2282e-02,  7.3989e-02,  3.4864e-02,  2.7446e-02,  7.1949e-02,
         4.3410e-02,  2.9046e-01,  1.4650e-03,  2.7247e-02,  3.2056e-02,
         1.2690e-01,  5.7847e-02, -3.8053e-02,  1.1439e-02,  1.3167e-01,
         1.0469e-01,  7.2842e-02,  1.5010e-01,  8.4132e-02,  2.1841e-01,
         1.1247e-01,  4.7588e-03,  1.7363e-01,  3.8035e-01,  3.1122e-01,
         1.8155e-01,  1.0102e-02,  2.2785e-01, -1.3608e-01,  8.3629e-02,
        -7.4826e-02,  1.4454e-02,  1.7836e-01, -2.9548e-02,  2.3830e-02,
        -2.8361e-03,  1.0143e-01,  4.8586e-02, -1.7245e-02,  1.7843e-01,
         1.9026e-01,  3.0279e-01,  1.4176e-02,  9.0820e-02,  3.7229e-02,
        -6.6361e-02,  1.6278e-01, -6.9942e-02, -8.7533e-02,  5.6192e-02,
         1.4450e-01,  1.9528e-01,  8.1090e-02,  1.0860e-01,  1.8284e-01,
         1.9740e-01], device='cuda:0')

layer:51 - critic2_old.last.model.0.weight:
tensor([[ 7.3553e-01,  4.2762e-01, -8.7158e-02, -1.0367e-01, -5.6177e-02,
         -2.8070e-02,  3.9083e-01, -7.3270e-02, -1.0779e-01, -8.0775e-02,
         -4.2510e-02, -8.2956e-02, -7.6102e-02,  8.9526e-01, -7.3975e-02,
         -7.2729e-02,  1.2684e+00, -7.0032e-02, -5.3161e-02,  7.7110e-01,
         -1.9542e+00,  6.8409e-01,  1.9259e-01,  1.8419e-01, -1.0553e-01,
         -9.3782e-02, -3.0528e-02,  3.7769e-01,  1.4009e+00, -3.4489e-01,
         -6.7364e-02, -1.0608e-01, -5.5025e-02,  2.9720e-01,  8.4426e-01,
          1.9373e-01, -1.0624e-01, -5.0179e-01,  8.5014e-01, -5.5819e-02,
          3.7943e-01,  2.3165e-01, -8.4957e-01, -4.2697e-02,  1.1212e+00,
         -8.1568e-02, -8.9459e-02,  8.8116e-01,  9.4195e-01,  1.1570e+00,
          3.1443e-01,  6.5550e-01,  1.0416e+00,  3.4261e-01, -6.9859e-02,
          3.3095e-01,  8.5731e-01,  4.9785e-01,  8.9686e-01, -4.9546e-02,
         -1.1851e-01,  8.3059e-01, -1.8102e-02,  7.8707e-01, -3.3144e-02,
          9.3260e-01,  9.6434e-01, -5.4453e-02, -7.7199e-02,  8.8036e-01,
         -1.1259e-01, -1.7865e+00,  9.0305e-01,  1.1422e+00,  1.9720e+00,
         -7.6088e-02, -1.1548e-01,  1.6426e-01,  5.9902e-01,  9.6929e-01,
         -4.8356e-02, -1.9567e-02, -8.7445e-02,  1.1300e-01, -1.1695e-01,
          9.5237e-02,  7.0492e-01,  7.5881e-01,  1.0297e+00, -8.5738e-02,
         -1.1230e+00,  3.1113e-01, -8.0894e-02, -4.7256e-02,  3.6046e-01,
          3.4137e-01,  3.0332e-01,  2.1802e+00,  2.4380e-01, -6.5599e-02,
          4.4212e-01,  1.1182e+00, -3.6183e-02, -6.9107e-02, -6.7162e-02,
          1.4298e+00,  2.6865e-01,  9.0076e-01, -8.3249e-02, -8.7304e-02,
         -8.5637e-02, -1.2131e-01, -6.0989e-02, -4.1589e-02, -7.8150e-02,
          4.5348e-01,  7.6239e-01, -8.7873e-02,  5.1011e-01, -5.7843e-02,
         -5.5349e-02,  2.8931e-01,  3.7416e-01, -9.8436e-01,  9.2109e-01,
         -1.0283e-01, -1.1277e-01, -4.8487e-02, -5.6104e-02, -1.3064e+00,
          3.4226e-01, -9.3412e-02, -4.0468e-02, -8.7545e-02,  5.9969e-01,
         -5.0025e-02,  1.2514e+00,  4.1308e-01,  1.4783e-01,  3.0464e-01,
          1.5060e+00, -6.7269e-02,  2.2985e-01,  8.3018e-01, -7.6736e-02,
          1.4651e+00, -3.3627e-02, -3.3755e-02, -3.4240e-02, -1.1851e+00,
          5.9022e-01, -5.2552e-02, -7.0569e-02, -9.6879e-02,  6.3025e+00,
          1.8995e-01, -3.5316e-02,  2.6697e-01,  1.0578e+00, -1.1091e-01,
         -8.7048e-02,  1.6757e+00, -3.8288e-02, -4.4012e-02, -3.6405e-02,
         -1.1406e-01,  1.1143e+00, -9.9620e-02,  3.1677e+00,  1.2865e+00,
         -8.4564e-02,  2.4746e-01,  2.5707e-01, -3.8356e-02,  8.8431e-01,
          1.0319e+00,  8.4356e-01,  3.3849e-01,  2.5668e-01,  1.4785e+00,
         -8.1474e-02, -3.8413e-03, -1.0698e-01, -1.0514e-01, -7.3969e-02,
         -4.7540e-02, -4.9566e-02,  1.6118e+00,  2.8426e-01,  3.6726e-01,
          1.3733e-01, -2.7668e-02, -6.4291e-02, -1.2087e-01,  2.9769e-01,
         -4.9215e-02,  1.5837e+00, -9.2072e-02,  7.0669e-01,  2.9122e-01,
         -3.4457e-02, -6.2666e-02, -7.8876e-02, -4.6757e-02, -9.0764e-02,
         -1.0080e-01,  9.1128e-01,  1.6180e-01, -8.7322e-02, -1.2441e-01,
          6.4755e-01, -8.2863e-02,  8.0165e-01,  5.0100e-01,  5.9298e-01,
         -1.1682e-01, -9.8421e-02,  2.6034e+00, -5.4114e-02,  8.7254e-01,
         -9.6168e-02, -4.9536e-02,  7.4605e-01,  1.1573e+00,  7.0688e-01,
          8.4212e-01,  1.3707e-01,  7.4150e-01,  4.2843e-01, -7.5615e-02,
          3.9250e-01, -7.4839e-04,  6.2466e-01,  1.5089e-01, -7.7337e-02,
         -8.9033e-02, -8.9627e-02,  7.2418e-01, -2.2686e-02,  1.0336e+00,
          1.1152e+00,  1.5183e+00, -3.2731e-02, -6.5618e-02, -8.3400e-02,
          3.8331e-01,  8.7140e-01,  3.4236e+00,  2.8737e-01, -5.5520e-02,
          7.6923e-01,  7.4745e-01, -1.1400e-01, -9.2558e-02,  9.6212e-01,
          5.9657e-01]], device='cuda:0')

layer:52 - critic2_old.last.model.0.bias:
tensor([-0.0201], device='cuda:0')

